X,Y,TYPE,SPEED,DIRTYPE,DIRECTION
3.049110,50.648470,8,0,1,232
3.141750,50.749630,8,0,1,189
1.112490,45.871930,8,0,0,0
3.992030,47.510580,8,0,1,357
1.896420,44.857000,8,30,1,25
-0.634500,47.398420,8,30,0,0
-1.649440,49.578610,8,30,1,313
6.143900,48.792400,8,30,1,242
6.199200,48.748500,8,30,1,156
6.197200,48.645200,8,30,0,0
5.352900,49.170800,8,30,1,35
5.363800,49.164600,8,30,1,119
4.707270,46.001160,8,30,1,252
2.402560,48.636230,8,30,1,296
2.448030,48.752110,8,30,1,22
2.452330,48.750320,8,30,2,16
2.452360,48.741310,8,30,1,354
2.547150,48.774750,8,30,1,30
5.889610,46.031580,8,40,2,46
2.442500,48.779720,8,40,0,0
2.435560,48.781940,8,40,0,0
5.832380,46.107480,8,50,0,0
6.056990,46.335920,8,50,0,0
3.276840,49.864610,8,50,1,87
3.299560,49.838040,8,50,1,71
3.302830,49.838060,8,50,0,0
3.333130,49.396870,8,50,0,0
2.963770,46.322880,8,50,1,39
3.207700,46.099480,8,50,1,87
3.457900,46.145770,8,50,1,10
3.603100,46.247490,8,50,1,95
5.780510,43.959190,8,50,1,222
6.512220,43.846410,8,50,1,174
5.880110,43.928470,8,50,0,0
6.998630,43.549160,8,50,2,93
7.006000,43.552090,8,50,1,172
7.516440,43.912020,8,50,1,3
7.528930,43.786020,8,50,1,252
7.531530,43.880430,8,50,1,275
7.569690,44.138560,8,50,1,73
4.798450,45.188800,8,50,1,174
2.221760,42.783940,8,50,1,232
3.968280,44.073070,8,50,1,337
1.413780,43.688580,8,50,1,328
0.586520,43.642570,8,50,2,19
2.755120,43.488460,8,50,1,30
-2.160910,47.332540,8,50,2,146
2.739960,47.975810,8,50,1,33
3.494140,44.518130,8,50,1,280
3.196990,44.444410,8,50,0,0
4.801290,49.091400,8,50,1,118
4.863940,48.589560,8,50,1,34
4.957090,48.647860,8,50,1,226
5.597590,49.446990,8,50,1,118
5.915810,48.625310,8,50,1,314
6.150690,48.746730,8,50,1,149
6.163440,48.673620,8,50,1,61
6.193430,48.680390,8,50,1,342
6.225100,48.748100,8,50,0,0
5.367800,49.160800,8,50,0,0
6.940280,49.195280,8,50,1,106
3.160280,46.980280,8,50,0,0
2.371470,50.728470,8,50,1,221
3.180830,50.695280,8,50,2,83
3.312870,50.101330,8,50,1,271
3.349170,50.108050,8,50,1,85
3.404070,50.126370,8,50,1,42
3.970680,50.342620,8,50,1,176
3.282900,50.524930,8,50,0,0
3.416510,50.117270,8,50,0,0
3.422030,50.125930,8,50,0,0
1.601420,50.404380,8,50,1,254
1.625840,50.509440,8,50,1,269
1.636300,50.513300,8,50,1,197
2.147820,50.634890,8,50,2,229
1.610510,50.485810,8,50,0,0
1.614420,50.455710,8,50,0,0
3.120290,45.761070,8,50,1,320
-0.328890,43.458060,8,50,1,292
-0.306100,43.511870,8,50,1,173
7.453520,48.265710,8,50,1,35
7.562560,47.587120,8,50,1,149
7.571410,47.577600,8,50,1,146
4.860090,45.785110,8,50,1,183
6.039440,45.961940,8,50,1,157
2.380300,48.826670,8,50,0,0
2.380280,48.828190,8,50,0,0
2.391270,48.827750,8,50,0,0
1.722060,49.485680,8,50,1,86
3.191290,48.482930,8,50,2,352
1.800940,48.768290,8,50,1,145
2.055920,48.794470,8,50,1,23
2.913810,50.035160,8,50,1,191
7.012290,47.502990,8,50,1,332
2.934870,49.929480,8,50,2,45
6.839860,47.623200,8,50,0,0
2.935700,49.930070,8,50,0,0
6.109210,43.167560,8,50,1,75
6.449370,43.449770,8,50,1,84
3.518140,48.022860,8,50,2,355
3.735870,47.662420,8,50,1,145
3.917360,47.491830,8,50,1,257
2.125410,48.740080,8,50,2,338
2.225430,48.827890,8,50,1,331
2.369390,48.962560,8,50,1,167
2.450080,48.728690,8,50,2,13
2.494080,48.739390,8,50,2,119
2.439170,48.774170,8,50,0,0
2.536270,49.027250,8,50,1,341
2.470800,50.486170,8,60,1,103
3.295100,49.828830,8,70,1,320
7.241320,43.680500,8,70,1,44
-4.080900,48.616530,8,70,1,40
5.663660,45.028960,8,70,1,34
5.988820,46.572450,8,70,1,324
-1.691000,47.244720,8,70,1,264
1.940390,47.924420,8,70,2,144
2.569290,47.634120,8,70,1,226
0.625800,44.547300,8,70,1,6
0.669820,44.493350,8,70,1,172
0.533220,44.653030,8,70,0,0
3.588140,44.332850,8,70,1,123
4.994630,49.108140,8,70,1,230
5.808890,48.636670,8,70,1,332
3.136570,50.599880,8,70,1,298
3.154390,50.700710,8,70,1,40
3.261860,50.488400,8,70,1,194
3.673230,50.056360,8,70,0,0
0.710650,48.260760,8,70,1,66
0.454070,43.299810,8,70,0,0
7.325880,47.962810,8,70,1,20
4.842400,45.715190,8,70,1,167
4.843300,45.714790,8,70,1,358
4.844240,45.715990,8,70,1,266
4.896190,45.729320,8,70,1,281
4.553340,46.962030,8,70,1,277
5.989210,45.479740,8,70,1,210
6.860700,45.911550,8,70,1,67
6.894260,47.583490,8,70,1,320
1.423210,45.759770,8,70,1,285
1.186820,45.936370,8,70,0,0
3.597820,47.837980,8,70,1,5
3.610880,47.955530,8,70,0,0
2.432660,48.611660,8,70,1,285
2.205530,48.839490,8,70,1,93
2.340480,48.757590,8,70,1,326
5.654170,46.295830,8,80,1,336
5.657220,46.291110,8,80,1,321
5.895220,46.121760,8,80,0,0
2.891030,46.323320,8,80,0,0
5.561610,43.857430,8,80,1,314
5.702340,44.645350,8,80,1,18
6.895980,43.523730,8,80,1,24
7.065320,43.560500,8,80,1,204
1.795050,42.576840,8,80,1,33
2.941710,43.057880,8,80,1,152
-0.556110,45.569420,8,80,2,337
-2.727580,48.500530,8,80,1,143
0.573540,44.684040,8,80,1,336
-4.315180,47.911880,8,80,2,298
0.618850,43.774270,8,80,2,179
-0.184270,44.956880,8,80,2,44
2.662730,43.477560,8,80,2,87
5.698620,45.116580,8,80,2,167
4.596260,45.289810,8,80,1,135
4.753930,45.453600,8,80,1,184
-2.004000,47.111820,8,80,1,89
-1.953370,47.115340,8,80,1,70
-1.777300,47.133830,8,80,1,280
-1.732340,47.131700,8,80,1,244
-1.717700,47.139440,8,80,1,232
1.889390,47.944610,8,80,1,49
3.204860,44.479630,8,80,1,67
3.238820,44.487480,8,80,1,55
3.364110,44.725840,8,80,1,322
3.531930,44.536980,8,80,1,86
3.948230,44.246280,8,80,1,256
3.397670,48.761300,8,80,1,289
4.672740,49.030070,8,80,2,252
5.006670,48.679890,8,80,1,46
-0.625490,48.267250,8,80,1,352
6.048900,48.976440,8,80,1,352
6.161160,48.715400,8,80,1,228
6.169400,48.641000,8,80,1,131
6.188840,48.663030,8,80,1,23
5.330290,49.579760,8,80,1,122
6.009100,49.309280,8,80,1,34
6.606110,49.269440,8,80,1,54
6.944720,49.198890,8,80,1,72
7.366020,49.046570,8,80,1,283
7.578060,48.970080,8,80,1,335
3.075030,50.616280,8,80,1,269
3.083930,50.625720,8,80,1,162
3.084850,50.614730,8,80,1,136
3.099380,50.605490,8,80,1,312
3.111260,50.599730,8,80,1,80
3.126390,50.601260,8,80,1,261
3.380160,50.138030,8,80,1,280
3.460070,50.169280,8,80,1,42
2.397270,49.631470,8,80,1,264
2.761200,49.225500,8,80,1,81
0.326390,48.823150,8,80,1,48
1.651650,50.729270,8,80,1,262
1.658620,50.730570,8,80,1,257
2.717430,50.435020,8,80,1,15
3.031420,50.249370,8,80,2,332
-0.846350,43.510900,8,80,1,268
0.519230,43.080580,8,80,1,94
7.676530,48.876510,8,80,1,139
7.562600,47.575420,8,80,1,128
4.387470,45.664190,8,80,1,26
4.923200,45.794190,8,80,1,251
4.927160,45.802040,8,80,1,340
5.176930,46.748960,8,80,0,0
5.313030,46.715580,8,80,0,0
5.948080,45.563760,8,80,1,339
5.964320,45.794780,8,80,1,42
6.007600,45.512090,8,80,1,42
5.923590,46.016880,8,80,2,114
6.036190,45.965510,8,80,1,146
6.808690,45.961230,8,80,2,34
6.947090,46.051170,8,80,1,60
1.757360,49.462980,8,80,1,283
2.017220,48.738060,8,80,1,63
2.386500,50.210000,8,80,1,351
6.798970,47.741870,8,80,1,7
2.815780,49.761950,8,80,1,359
2.504840,49.640460,8,80,0,0
1.803970,43.581060,8,80,1,79
2.070090,43.557780,8,80,1,270
2.311670,44.117860,8,80,1,266
5.780090,43.392270,8,80,1,83
6.599580,43.363020,8,80,1,333
5.405780,43.755440,8,80,1,117
7.071810,48.296330,8,80,1,3
7.092870,48.330800,8,80,2,144
7.107700,48.343970,8,80,1,343
3.523270,47.567280,8,80,1,151
3.535710,47.517910,8,80,1,43
3.544030,47.886940,8,80,1,35
3.991380,47.486050,8,80,0,0
2.308270,48.682170,8,80,2,213
6.833330,47.506670,8,110,2,63
-1.570970,48.171480,8,110,2,50
-0.035810,47.304420,8,110,1,15
6.121370,48.699000,8,110,1,50
7.555810,48.351420,8,110,1,231
7.552330,47.583170,8,110,1,324
2.587420,48.834240,8,110,1,99
2.613490,48.830200,8,110,1,276
2.699710,48.830180,8,110,1,98
1.838800,48.671410,8,110,1,192
6.911110,47.646390,8,110,1,242
2.165600,48.727060,8,110,1,173
2.172070,48.716500,8,110,1,321
5.815100,46.119450,8,0,2,23
3.250650,49.644340,8,0,1,248
5.781320,43.959680,8,0,1,284
6.366390,43.951890,8,0,0,0
6.563770,44.797740,8,0,2,34
6.918430,43.649820,8,0,1,250
6.930440,43.481920,8,0,1,216
7.001500,43.604330,8,0,1,116
7.007920,43.604770,8,0,1,87
4.667220,49.751740,8,0,1,256
1.840550,42.719350,8,0,1,357
1.840560,42.714380,8,0,1,176
4.096720,48.259820,8,0,1,321
2.971800,43.017890,8,0,2,146
5.703150,43.482530,8,0,1,261
-0.323300,49.180100,8,0,1,320
-0.296300,49.167800,8,0,1,108
0.719860,45.876260,8,0,1,4
0.669770,46.015330,8,0,1,0
2.829810,47.267920,8,0,1,351
2.457850,45.646570,8,0,1,80
4.571020,47.853060,8,0,2,202
5.267250,47.138010,8,0,1,23
5.266940,47.137500,8,0,1,0
-2.911690,48.401360,8,0,2,210
-2.692980,48.482780,8,0,1,92
0.693160,45.093550,8,0,2,17
0.887690,44.962160,8,0,1,220
1.254400,44.993760,8,0,1,98
6.317430,47.342470,8,0,2,56
6.325440,47.345890,8,0,2,74
6.617770,47.075790,8,0,2,360
6.634380,47.082710,8,0,1,75
4.100310,44.668830,8,0,1,127
1.080820,48.403040,8,0,1,65
1.702510,48.216390,8,0,0,0
-4.521660,48.042620,8,0,2,277
-4.435920,47.993080,8,0,1,170
-4.420020,47.992170,8,0,1,246
-4.370010,47.968910,8,0,1,355
-4.229880,47.930440,8,0,2,53
3.880000,44.103790,8,0,1,293
4.344520,43.655150,8,0,1,245
4.383110,43.669760,8,0,1,249
4.432370,43.674200,8,0,1,142
4.430420,43.676110,8,0,1,143
3.938180,44.075050,8,0,0,0
0.570990,43.084300,8,0,2,297
1.748710,43.469770,8,0,0,0
0.462890,43.501650,8,0,2,3
-0.593020,45.132910,8,0,1,357
-0.114750,44.585530,8,0,2,50
3.480820,43.481460,8,0,1,291
4.920790,45.509850,8,0,1,217
-1.210620,43.571680,8,0,1,280
0.781910,47.748060,8,0,2,56
1.438970,47.647630,8,0,2,60
4.137460,45.965570,8,0,1,279
4.182850,45.738380,8,0,2,80
4.218660,45.743210,8,0,1,83
4.232610,45.644170,8,0,2,89
4.341390,45.915940,8,0,1,135
3.786800,46.216370,8,0,1,116
4.352370,45.481870,8,0,1,89
4.496150,45.471490,8,0,1,104
4.353130,45.481970,8,0,1,261
4.216530,45.742990,8,0,2,82
0.532700,44.652420,8,0,1,29
3.196520,44.443470,8,0,1,63
3.278370,44.483410,8,0,0,0
-1.662470,49.576610,8,0,2,180
-1.494710,48.779490,8,0,2,317
3.536880,48.721030,8,0,1,322
3.537880,48.720120,8,0,2,85
5.960450,48.572120,8,0,2,45
5.367570,49.160160,8,0,1,195
6.282640,48.842210,8,0,2,8
3.159990,46.979800,8,0,2,12
3.142870,50.676160,8,0,1,133
3.215470,50.113960,8,0,2,140
3.242200,50.527140,8,0,1,298
3.243510,50.173310,8,0,1,310
3.263700,50.493100,8,0,2,17
3.343510,50.185530,8,0,2,84
3.671210,50.058050,8,0,2,159
1.609420,50.485860,8,0,1,278
1.613390,50.455800,8,0,2,172
1.647470,50.407910,8,0,2,181
0.083430,43.203120,8,0,2,86
2.061640,42.484840,8,0,1,153
7.467280,48.463210,8,0,1,101
7.495720,48.433220,8,0,1,296
7.495750,48.433440,8,0,1,222
7.627660,48.577150,8,0,1,325
7.484400,48.462320,8,0,2,264
7.667530,48.576130,8,0,1,29
7.483440,48.460540,8,0,1,117
7.478800,48.462050,8,0,1,162
7.750910,48.591640,8,0,1,80
7.746190,48.591730,8,0,2,347
7.757220,48.582360,8,0,1,210
6.773080,47.382120,8,0,1,336
7.469360,48.398070,8,0,0,0
7.455080,48.638950,8,0,0,0
7.486020,48.457630,8,0,0,0
7.478500,48.498370,8,0,0,0
7.725960,48.615330,8,0,0,0
4.874170,45.740000,8,0,2,3
6.632750,47.700420,8,0,1,346
6.632890,47.699850,8,0,1,168
6.633380,47.699000,8,0,1,148
0.167950,48.013910,8,0,2,104
1.099420,49.505060,8,0,1,350
2.069470,48.798010,8,0,2,47
2.095770,48.939450,8,0,2,351
6.840310,47.623690,8,0,1,52
5.980110,43.113070,8,0,2,7
-1.134200,46.807780,8,0,1,115
0.886260,45.880680,8,0,1,123
0.897050,45.882000,8,0,1,280
0.897920,45.878740,8,0,1,77
0.898860,45.879180,8,0,1,47
0.877420,45.888210,8,0,1,272
3.688410,47.682600,8,0,1,344
2.291080,48.692590,8,0,1,239
2.477460,48.592570,8,0,1,354
2.483470,48.606840,8,0,2,27
2.492640,48.607800,8,0,1,142
2.253670,48.836770,8,0,1,62
2.372020,48.803410,8,0,2,36
2.445590,48.727660,8,0,2,180
2.566950,49.063690,8,0,2,321
4.821320,45.072650,8,0,1,292
4.074130,48.292410,8,0,1,322
4.920790,43.461780,8,0,1,244
5.022360,43.641220,8,0,1,350
5.527790,43.492490,8,0,1,281
-2.762960,48.491630,8,0,1,10
-4.050440,47.807420,8,0,1,80
0.701330,47.365140,8,0,1,30
-1.470170,43.598600,8,0,1,296
4.399380,45.409440,8,0,1,322
3.785440,46.217310,8,0,1,264
4.391750,48.962940,8,0,1,251
2.809730,42.799560,8,0,1,11
7.497680,48.432530,8,0,1,117
5.462600,46.258100,8,0,1,33
5.880680,43.928240,8,0,1,357
6.618300,44.671250,8,0,1,88
3.554950,48.419660,8,0,2,254
4.100180,48.303060,8,0,1,291
2.441510,47.566280,8,0,2,24
-2.916170,48.400900,8,0,1,329
-2.856650,48.551830,8,0,2,107
1.253280,44.993930,8,0,2,14
1.295060,48.816070,8,0,2,84
-3.986980,48.682990,8,0,2,9
0.572550,43.085360,8,0,2,229
0.024090,44.797750,8,0,1,358
5.469850,45.271750,8,0,1,271
-1.370370,47.055210,8,0,1,321
3.211840,44.476060,8,0,1,289
-1.655240,49.585170,8,0,1,309
5.874500,48.672310,8,0,1,180
3.974730,50.284170,8,0,1,179
0.409000,48.800870,8,0,1,32
2.700130,45.603280,8,0,0,0
2.836690,48.677980,8,0,2,351
2.505940,49.640140,8,0,2,117
6.895230,47.620350,8,0,1,155
2.303360,44.096610,8,0,2,37
5.699970,43.482150,8,0,2,58
6.769650,43.462090,8,0,1,170
2.118330,48.716090,8,0,1,358
5.574940,46.127110,8,0,1,270
3.418560,49.014330,8,0,2,211
3.335980,49.405830,8,0,0,0
6.080870,44.592320,8,0,1,174
6.081220,44.603550,8,0,1,182
6.081860,44.617910,8,0,2,185
6.084260,44.630990,8,0,2,186
6.085310,44.638030,8,0,1,3
7.575930,44.102720,8,0,1,92
7.246780,43.734790,8,0,1,91
7.262620,43.728770,8,0,2,115
7.281770,43.732930,8,0,1,67
4.288240,44.668110,8,0,1,71
4.091630,44.675270,8,0,1,357
4.146310,44.665190,8,0,1,108
4.101620,44.668390,8,0,1,121
4.634920,49.801890,8,0,1,39
4.641480,49.929950,8,0,1,351
1.806380,42.594420,8,0,1,62
1.824790,42.689670,8,0,1,15
1.827040,42.683440,8,0,1,341
2.586800,43.869630,8,0,1,79
2.892810,44.242410,8,0,1,64
4.832960,43.759470,8,0,1,175
5.593820,43.203810,8,0,1,103
5.621820,43.209550,8,0,1,66
5.638090,43.197990,8,0,1,115
0.701020,45.962540,8,0,1,352
0.813810,45.888880,8,0,1,148
4.599830,47.705750,8,0,1,163
4.805380,47.058520,8,0,1,79
6.525190,47.028430,8,0,1,238
6.323560,47.345290,8,0,1,59
4.937170,44.509250,8,0,1,62
4.869320,45.209120,8,0,2,115
4.875770,45.194940,8,0,1,186
4.880270,45.186810,8,0,1,146
0.601640,49.350020,8,0,1,229
-4.251790,48.360100,8,0,1,321
-4.072930,48.624200,8,0,1,225
4.384860,43.669420,8,0,1,321
3.860550,44.114350,8,0,1,202
3.995620,44.055260,8,0,1,235
4.001990,44.057350,8,0,1,69
3.306070,43.852370,8,0,1,200
1.498500,46.574500,8,0,1,335
1.503900,46.606530,8,0,1,226
1.530130,46.613290,8,0,1,254
1.544250,46.621150,8,0,1,30
5.375510,45.500000,8,0,1,204
4.804240,45.389910,8,0,1,205
4.829690,45.478950,8,0,1,358
5.626330,44.806670,8,0,1,185
5.627700,44.807850,8,0,1,114
5.769900,45.030510,8,0,1,293
5.773010,44.996350,8,0,1,178
5.716440,46.868610,8,0,1,181
5.718890,46.880890,8,0,1,18
5.720190,46.827980,8,0,1,307
5.739310,46.817590,8,0,1,275
5.963730,46.577040,8,0,1,73
5.999510,46.565240,8,0,2,124
6.023740,46.534670,8,0,1,58
6.025450,46.520260,8,0,2,156
6.043090,46.484250,8,0,1,326
6.051240,46.483770,8,0,1,240
4.483270,45.345080,8,0,2,7
4.752440,45.366640,8,0,1,175
4.332070,45.918060,8,0,1,288
4.346830,45.915220,8,0,1,97
4.361080,45.803350,8,0,1,153
3.668430,45.142710,8,0,1,146
3.993940,45.065310,8,0,1,272
4.002710,45.066070,8,0,1,89
4.141360,45.204220,8,0,1,4
4.142510,45.232630,8,0,1,26
4.250990,45.339800,8,0,1,174
4.253290,45.359700,8,0,1,7
3.143450,44.397060,8,0,1,82
3.191250,44.455160,8,0,1,7
3.333460,44.299440,8,0,1,298
3.626650,44.315030,8,0,1,327
4.577730,48.793320,8,0,1,343
4.587750,48.754430,8,0,1,280
4.589520,48.777290,8,0,1,177
3.953080,49.020260,8,0,1,256
6.131900,48.703390,8,0,1,64
6.153330,48.643890,8,0,2,103
6.202780,48.543610,8,0,1,336
6.319430,48.616860,8,0,2,96
4.977250,49.099900,8,0,1,91
3.020270,49.240260,8,0,1,95
3.026710,49.240290,8,0,1,79
3.039190,49.247080,8,0,2,169
1.629820,50.704180,8,0,1,224
3.198120,45.620800,8,0,1,148
3.565740,45.875550,8,0,1,200
3.576110,45.882990,8,0,1,73
3.001120,45.958920,8,0,0,0
-1.728090,43.341880,8,0,2,243
-0.601750,42.995720,8,0,1,10
-0.601240,43.004700,8,0,1,177
-0.600530,43.044580,8,0,1,328
0.327660,43.107160,8,0,1,266
0.353540,43.099170,8,0,1,269
2.052710,42.471440,8,0,1,239
2.077120,42.492620,8,0,1,269
2.842980,42.486180,8,0,1,142
2.854370,42.476190,8,0,1,287
2.862700,42.471940,8,0,1,139
2.868080,42.450490,8,0,1,170
7.398740,48.663120,8,0,1,301
7.475390,48.466790,8,0,1,178
7.481940,48.465720,8,0,1,137
7.485490,48.466890,8,0,1,203
7.612610,48.565950,8,0,1,167
4.918310,45.820810,8,0,1,173
5.769180,45.562920,8,0,2,94
6.616480,45.197540,8,0,2,294
6.858660,45.800860,8,0,1,250
0.878080,45.888170,8,0,1,95
0.882120,45.888680,8,0,1,80
2.214840,48.815160,8,0,1,14
