X,Y,TYPE,SPEED,DIRTYPE,DIRECTION
2.347540,48.879110,1,30,1,244
2.390530,48.840770,1,30,2,108
2.418970,48.762520,1,30,2,142
2.074000,48.905820,1,45,1,182
5.753120,45.852010,1,50,2,61
5.331870,45.954920,1,50,2,21
3.301200,49.846060,1,50,2,38
3.910690,49.893340,1,50,1,14
3.707580,49.684960,1,50,1,19
3.513270,49.049870,1,50,2,92
3.452480,49.040070,1,50,2,82
3.198240,49.023570,1,50,2,53
3.413360,46.155070,1,50,1,241
3.415300,46.140000,1,50,1,175
3.457430,46.170100,1,50,1,5
7.296110,43.700090,1,50,1,196
7.279420,43.706970,1,50,1,270
7.515710,43.783700,1,50,1,252
7.470870,43.758060,1,50,1,248
7.516240,43.783810,1,50,1,73
7.271500,43.712750,1,50,1,188
7.466300,43.759190,1,50,1,135
7.161550,43.655730,1,50,1,241
7.284050,43.711800,1,50,1,358
7.428790,43.751580,1,50,2,94
7.421100,43.743830,1,50,2,50
7.425610,43.748730,1,50,2,51
7.412410,43.738830,1,50,2,25
7.441330,43.754530,1,50,2,90
7.448950,43.757620,1,50,2,38
7.565620,44.112310,1,50,2,159
7.521860,43.959180,1,50,2,30
7.566150,44.117260,1,50,2,15
7.597790,44.080230,1,50,2,145
7.518730,43.947390,1,50,2,95
7.475390,43.760610,1,50,2,134
4.359740,44.474950,1,50,1,51
4.613290,44.305940,1,50,2,4
4.840690,45.058010,1,50,1,202
4.189830,44.432590,1,50,2,38
4.725810,50.017800,1,50,2,13
4.585840,49.817450,1,50,1,134
4.682770,49.784160,1,50,1,305
5.054620,49.761950,1,50,1,259
1.601330,42.857110,1,50,1,185
4.085160,48.289380,1,50,1,237
4.698310,48.240100,1,50,1,143
2.363320,43.210410,1,50,1,112
5.438570,43.284810,1,50,1,263
5.364790,43.302930,1,50,1,194
5.493060,43.508620,1,50,2,107
5.713360,43.275560,1,50,2,92
0.411150,49.142140,1,50,1,262
0.132270,49.319520,1,50,2,137
2.460680,44.944550,1,50,1,209
-0.134900,45.801790,1,50,1,114
0.118130,45.669080,1,50,1,311
0.068630,45.817480,1,50,1,125
-0.135630,45.802050,1,50,1,292
-0.590630,45.729260,1,50,1,105
-0.588590,45.728940,1,50,1,299
-1.034500,45.641240,1,50,2,120
2.413920,47.109780,1,50,1,26
2.391220,47.089130,1,50,1,221
2.432370,47.366580,1,50,1,184
2.243820,47.308920,1,50,2,56
2.169040,46.993440,1,50,2,98
9.446720,42.682400,1,50,2,178
8.715950,41.908780,1,50,2,95
8.809060,41.961760,1,50,2,55
8.756440,41.932100,1,50,1,332
8.744320,41.933500,1,50,1,70
9.058230,41.490420,1,50,2,157
5.033700,47.336970,1,50,1,56
5.071490,47.316280,1,50,1,284
5.256740,47.218400,1,50,1,300
5.008020,47.290100,1,50,1,315
2.134540,46.025370,1,50,2,99
2.468940,46.221680,1,50,2,24
0.029250,44.851720,1,50,2,86
1.159970,44.803480,1,50,1,325
6.806360,47.498110,1,50,1,324
6.009560,47.250990,1,50,1,70
6.385310,46.765600,1,50,2,121
6.374120,46.867470,1,50,2,33
6.668630,47.125500,1,50,2,65
4.800100,44.705310,1,50,2,18
1.388850,48.401960,1,50,1,237
1.532200,48.416690,1,50,1,138
1.709590,48.149670,1,50,1,246
1.580830,48.552220,1,50,2,172
1.824650,48.203540,1,50,2,168
1.430680,48.321990,1,50,2,13
-3.885700,48.204430,1,50,2,105
4.616320,44.153180,1,50,1,198
1.419450,43.610130,1,50,1,118
1.395730,43.580430,1,50,1,210
1.410040,43.578480,1,50,1,54
1.463030,43.560460,1,50,1,340
0.582630,43.633470,1,50,1,16
-0.384370,44.663690,1,50,1,141
-0.110740,44.855580,1,50,1,272
-0.608190,44.959810,1,50,1,173
-0.166090,44.878810,1,50,2,125
3.841470,43.608950,1,50,1,102
3.822490,43.632020,1,50,1,182
-1.995720,48.093210,1,50,2,47
-1.941760,47.930020,1,50,1,181
-2.106030,48.593480,1,50,2,71
1.694580,46.803630,1,50,1,105
0.350450,47.336440,1,50,2,28
0.836870,47.261700,1,50,2,140
5.596030,45.508770,1,50,1,37
5.458750,46.597750,1,50,1,36
5.318060,46.980570,1,50,1,229
5.501240,46.641320,1,50,2,28
5.716310,46.868360,1,50,2,2
-1.260650,44.211240,1,50,2,100
-0.968940,43.823750,1,50,2,118
0.014380,43.987180,1,50,2,109
-1.313070,43.670600,1,50,2,136
1.362760,47.614730,1,50,2,38
4.285560,45.556970,1,50,1,214
3.864460,45.055150,1,50,1,109
3.888220,45.039170,1,50,1,5
-1.628820,47.194880,1,50,2,96
1.895480,47.897760,1,50,1,355
1.896710,47.905060,1,50,1,233
2.752890,47.981910,1,50,1,143
2.754830,47.980830,1,50,1,306
1.882450,47.897980,1,50,1,90
2.756280,47.969970,1,50,1,147
2.757810,47.968200,1,50,2,138
1.401380,44.481560,1,50,2,163
1.370450,44.512020,1,50,2,135
0.167490,44.502460,1,50,1,330
0.722290,44.398430,1,50,2,99
0.647300,44.211750,1,50,1,50
3.450700,44.661180,1,50,2,158
-0.124990,47.196620,1,50,1,200
-0.509570,47.488650,1,50,1,52
-0.442990,47.152220,1,50,2,83
4.011370,49.162260,1,50,2,12
4.585360,48.763730,1,50,1,333
4.095600,49.149530,1,50,2,167
4.392940,48.740470,1,50,2,85
3.612160,48.731810,1,50,1,95
3.612370,48.731910,1,50,1,272
4.004380,49.290210,1,50,1,138
3.809010,49.182840,1,50,2,84
4.060280,48.747680,1,50,2,98
3.680710,49.125860,1,50,2,135
5.142280,48.105300,1,50,1,326
5.487120,48.285150,1,50,1,75
5.311670,47.772310,1,50,1,204
4.962750,48.455040,1,50,2,20
-0.917880,48.296730,1,50,1,261
-0.197050,48.460260,1,50,1,237
-0.752690,48.069050,1,50,1,247
-0.620620,48.307490,1,50,1,129
-0.703410,48.032630,1,50,1,308
6.176570,48.678990,1,50,1,155
6.253760,48.640540,1,50,2,175
6.067740,48.830060,1,50,2,46
5.152810,48.767390,1,50,2,56
5.625480,49.213050,1,50,2,82
5.630150,49.380510,1,50,2,168
5.440510,48.896370,1,50,1,63
5.240050,48.917740,1,50,2,34
-3.377889,47.771891,1,50,1,287
6.549360,48.966990,1,50,1,173
6.550450,48.964770,1,50,1,314
6.549190,49.293770,1,50,2,122
7.349300,49.046080,1,50,2,69
6.121660,49.214730,1,50,2,146
7.282630,49.046540,1,50,2,75
3.227440,47.117540,1,50,1,60
3.166800,46.996750,1,50,1,146
3.156940,46.965470,1,50,1,358
3.132580,46.995250,1,50,1,295
3.139480,46.976120,1,50,1,44
3.121350,46.945590,1,50,2,76
3.158110,46.946030,1,50,1,358
3.977270,50.305530,1,50,1,176
3.373170,50.142950,1,50,1,110
2.631770,50.713090,1,50,1,3
2.631820,50.714360,1,50,1,184
3.100870,50.777280,1,50,1,57
3.162740,50.252940,1,50,1,337
3.171970,50.694520,1,50,2,122
3.468610,50.395040,1,50,2,141
3.929340,50.280780,1,50,1,265
1.768870,49.360760,1,50,2,158
2.197810,49.334990,1,50,1,162
2.849980,49.159190,1,50,1,56
1.864840,49.204580,1,50,2,136
2.619290,49.381520,1,50,2,13
2.213310,49.457990,1,50,1,260
3.010120,49.402920,1,50,1,110
1.991730,49.504120,1,50,2,127
1.992570,49.503660,1,50,1,126
2.611390,49.223060,1,50,2,54
3.110470,49.591520,1,50,2,64
1.955140,49.598430,1,50,2,169
2.226270,49.176550,1,50,2,147
2.268650,49.657710,1,50,2,171
2.847790,49.199160,1,50,2,40
2.895230,49.184530,1,50,1,231
2.976820,49.595530,1,50,2,132
0.069070,48.756500,1,50,1,78
2.894890,50.461860,1,50,1,233
1.906240,50.953330,1,50,1,353
3.039120,45.765850,1,50,1,76
3.135470,45.784290,1,50,2,37
3.062300,45.793700,1,50,1,159
-1.568990,43.449800,1,50,1,54
-0.656320,43.536200,1,50,1,123
-0.324310,43.304030,1,50,1,291
0.072090,43.256920,1,50,1,176
0.066320,43.220040,1,50,1,286
3.033110,42.637820,1,50,1,165
2.889780,42.694240,1,50,1,317
7.786880,48.571040,1,50,1,29
7.784960,48.585750,1,50,1,197
7.737230,48.574600,1,50,1,103
7.327820,48.068400,1,50,1,69
7.109040,48.171440,1,50,1,93
7.081620,47.824400,1,50,2,172
4.849480,45.679860,1,50,1,201
4.832800,45.751950,1,50,1,206
4.842350,45.723260,1,50,1,358
4.903710,45.765060,1,50,1,106
4.859870,45.782480,1,50,2,5
4.876690,45.722970,1,50,1,293
4.865720,45.725990,1,50,1,113
4.823860,45.767340,1,50,1,267
4.950550,45.684210,1,50,1,304
4.836290,45.772690,1,50,1,97
4.822400,45.701110,1,50,1,334
4.815940,45.774400,1,50,1,276
4.812200,45.774700,1,50,1,290
4.817460,45.733140,1,50,1,211
6.377530,47.827330,1,50,1,162
6.394880,47.879940,1,50,1,26
4.367850,46.824330,1,50,1,336
0.578730,48.170030,1,50,2,54
5.858350,45.799280,1,50,2,157
6.096410,46.145300,1,50,1,341
6.246820,46.184180,1,50,1,195
2.377940,48.836780,1,50,1,143
2.304910,48.864610,1,50,1,88
2.356500,48.853800,1,50,1,119
2.409730,48.847230,1,50,2,98
2.408180,48.847260,1,50,1,98
2.377770,48.837190,1,50,1,322
2.356350,48.816000,1,50,1,27
2.335020,48.837110,1,50,1,37
2.360540,48.847110,1,50,1,315
2.267460,48.873690,1,50,1,241
2.288510,48.875940,1,50,1,296
2.359530,48.816420,1,50,1,268
1.552050,49.614590,1,50,2,63
2.664990,48.791110,1,50,1,89
1.931510,48.995680,1,50,2,114
2.137650,48.867470,1,50,1,276
1.610760,49.019350,1,50,1,0
2.098320,48.886700,1,50,1,76
2.053070,48.924630,1,50,1,326
2.123850,48.942560,1,50,1,74
2.164410,48.763890,1,50,1,279
2.123360,48.817230,1,50,1,119
1.858799,48.642705,1,50,1,304
2.100350,48.887030,1,50,1,270
2.147930,48.809430,1,50,1,229
1.905960,48.766070,1,50,2,119
2.133430,48.805110,1,50,1,84
2.138200,48.805480,1,50,1,265
2.106830,48.877610,1,50,1,47
2.131390,48.780040,1,50,1,204
1.846200,48.989800,1,50,1,258
1.959620,48.808700,1,50,1,16
2.096190,48.779720,1,50,1,179
-0.192000,46.418040,1,50,2,65
-0.431220,46.317010,1,50,1,267
-0.209870,46.963300,1,50,1,348
2.263200,49.817290,1,50,2,14
2.256400,49.730500,1,50,2,170
5.812470,43.110760,1,50,1,158
5.823870,43.100850,1,50,1,310
6.309370,43.396590,1,50,2,83
4.842030,43.928070,1,50,1,304
4.809370,43.921960,1,50,1,2
-1.810050,46.859190,1,50,2,75
0.337150,46.597460,1,50,1,7
0.362850,46.588400,1,50,1,301
0.712520,46.404700,1,50,2,84
1.288220,45.825190,1,50,1,147
1.237050,45.805610,1,50,2,35
1.144270,46.167060,1,50,2,29
1.243780,45.821600,1,50,1,93
1.253790,45.814530,1,50,2,162
1.293270,46.198760,1,50,2,71
0.836770,46.091510,1,50,2,60
1.273110,45.831510,1,50,1,46
6.776140,48.166700,1,50,1,331
6.454590,48.164390,1,50,1,144
6.456880,48.194340,1,50,1,62
6.612900,48.308770,1,50,2,70
6.764910,47.879670,1,50,1,323
6.140430,48.203270,1,50,2,107
3.840230,47.512320,1,50,2,124
3.266370,48.228020,1,50,1,332
3.652210,47.854750,1,50,1,262
6.923830,47.671980,1,50,2,30
6.852250,47.641210,1,50,1,88
2.418340,48.647970,1,50,1,323
2.500050,48.719690,1,50,1,175
2.394960,48.687720,1,50,1,103
2.430070,48.703100,1,50,1,250
2.339840,48.665380,1,50,1,9
2.224060,48.838040,1,50,1,182
2.224600,48.868190,1,50,1,111
2.201760,48.825840,1,50,2,93
2.224300,48.815460,1,50,1,69
2.210790,48.886310,1,50,1,278
2.241830,48.887050,1,50,1,89
2.252950,48.822590,1,50,1,64
2.226840,48.845990,1,50,1,196
2.258830,48.807860,1,50,1,355
2.198680,48.808970,1,50,1,256
2.205850,48.890200,1,50,1,50
2.238670,48.875380,1,50,1,43
2.263250,48.897830,1,50,1,146
2.259080,48.826100,1,50,1,200
2.388020,48.939710,1,50,1,353
2.555910,48.850140,1,50,1,284
2.393010,48.904600,1,50,1,216
2.363940,48.942840,1,50,1,309
2.434780,48.944980,1,50,1,209
2.435500,48.872730,1,50,1,54
2.439570,48.772920,1,50,1,171
2.443690,48.722640,1,50,1,27
2.508790,48.748990,1,50,1,335
2.498200,48.817020,1,50,1,289
2.426790,48.845670,1,50,1,278
2.427380,48.812900,1,50,1,129
2.361970,48.984030,1,50,1,166
2.201440,48.991250,1,50,1,305
2.404830,48.969360,1,50,1,134
2.337460,49.150030,1,50,2,87
-61.563100,16.096560,1,50,2,8
-54.031560,5.491680,1,50,1,23
-52.314930,4.944680,1,50,1,256
-52.476930,5.015450,1,50,1,129
3.135650,43.597100,1,60,1,250
0.195330,42.734150,1,60,2,173
0.191170,42.748370,1,60,1,350
-61.065240,14.611460,1,60,1,165
-61.069880,14.611370,1,60,1,148
6.066220,46.306530,1,70,2,174
5.469680,45.780250,1,70,2,153
3.458730,49.618490,1,70,2,118
3.035630,49.244420,1,70,1,198
3.252290,49.036320,1,70,1,70
2.622050,46.318140,1,70,2,165
3.377160,46.128530,1,70,1,99
3.772700,46.304120,1,70,2,16
5.603880,43.857040,1,70,1,104
6.080960,44.606070,1,70,2,174
6.575310,44.645600,1,70,1,39
7.197640,43.685880,1,70,1,348
7.197640,43.685690,1,70,1,166
7.061480,43.604420,1,70,1,308
7.276490,43.776860,1,70,1,182
7.243160,43.692340,1,70,1,222
7.102860,43.660130,1,70,1,125
7.128830,43.680760,1,70,1,179
7.207230,43.665780,1,70,1,83
7.539930,43.974650,1,70,2,31
7.545330,43.981350,1,70,2,22
4.188940,44.359890,1,70,2,51
4.654500,44.705280,1,70,2,91
4.296920,44.659360,1,70,1,355
4.755990,45.251860,1,70,2,44
4.396320,44.621100,1,70,2,107
4.512560,49.875190,1,70,2,6
1.243680,43.182220,1,70,1,310
2.918630,43.306210,1,70,2,80
2.333050,44.524720,1,70,2,130
2.965380,44.347060,1,70,2,67
5.422330,43.553710,1,70,2,136
5.553370,43.644080,1,70,2,103
5.424790,43.287220,1,70,1,172
5.631930,43.489110,1,70,1,146
5.427890,43.285690,1,70,1,258
5.374320,43.344900,1,70,1,149
5.456840,43.240000,1,70,2,70
-0.332620,49.189460,1,70,1,148
-0.515180,49.176800,1,70,1,80
-0.797660,49.215930,1,70,2,71
-0.987850,48.840270,1,70,1,92
-0.188720,49.239440,1,70,2,25
-0.489160,48.911980,1,70,1,6
0.303130,49.095900,1,70,2,146
-0.238190,48.886420,1,70,2,86
2.530520,45.440560,1,70,1,61
0.134890,45.630240,1,70,1,115
0.503920,45.851150,1,70,1,223
-0.751560,45.735140,1,70,2,65
-0.555160,45.556690,1,70,2,10
2.727550,47.012010,1,70,2,119
2.722620,47.013190,1,70,2,119
1.427730,45.222280,1,70,1,166
9.396760,41.960280,1,70,2,125
9.482340,42.611090,1,70,2,146
9.382020,42.510990,1,70,1,242
9.365270,42.506420,1,70,1,81
8.918660,41.663810,1,70,2,119
9.505660,42.586840,1,70,1,322
9.546770,42.257170,1,70,2,11
9.549000,42.266670,1,70,2,5
8.771840,41.987720,1,70,2,138
8.754560,42.041820,1,70,1,328
8.920280,41.668890,1,70,1,99
8.802500,42.561640,1,70,2,53
9.173590,41.410750,1,70,2,22
9.396660,41.959450,1,70,1,8
5.001390,47.270540,1,70,1,21
-2.609810,48.508390,1,70,1,223
-3.067660,48.578890,1,70,1,255
-3.148970,48.313720,1,70,1,64
0.514120,44.877960,1,70,2,89
1.244000,44.869790,1,70,2,125
0.518880,44.854160,1,70,1,85
0.521080,44.854740,1,70,1,297
0.423760,44.729160,1,70,2,27
0.952365,45.504942,1,70,1,201
5.994340,47.201600,1,70,2,50
6.841000,47.459220,1,70,2,25
6.364960,46.885190,1,70,2,3
5.986790,47.282660,1,70,2,107
6.584767,47.131011,1,70,2,176
5.966000,47.193140,1,70,2,172
4.882490,44.904550,1,70,1,119
1.285390,49.171680,1,70,1,300
0.754520,49.226430,1,70,1,220
1.160050,48.771430,1,70,1,262
0.929710,49.104390,1,70,2,109
1.236640,48.068470,1,70,2,96
1.534770,48.846500,1,70,2,110
1.351000,48.147630,1,70,2,27
1.417150,48.275670,1,70,2,9
1.278950,48.641040,1,70,2,42
1.168660,48.436100,1,70,2,74
1.466970,48.485470,1,70,2,49
4.290200,43.778550,1,70,1,228
4.603110,44.168150,1,70,2,108
4.646730,44.152460,1,70,2,123
0.630320,42.990440,1,70,2,177
0.618770,43.017400,1,70,2,34
-0.555340,44.883440,1,70,1,287
-0.409610,44.983210,1,70,2,124
-0.608360,44.889700,1,70,1,96
3.841790,43.598810,1,70,1,324
3.922500,43.607390,1,70,1,259
3.922710,43.607390,1,70,1,79
4.104870,43.594100,1,70,2,5
-2.015160,48.616280,1,70,1,136
-1.902350,48.647320,1,70,2,115
-1.791580,48.059030,1,70,2,80
-2.085360,47.701620,1,70,2,169
-1.737080,48.490250,1,70,1,175
-1.939840,47.761370,1,70,2,13
1.731960,46.820230,1,70,2,112
0.549240,47.564840,1,70,1,163
0.439250,47.305580,1,70,2,66
0.747790,47.369020,1,70,2,91
0.296060,47.191210,1,70,1,242
1.097240,47.030660,1,70,2,146
5.753960,45.066620,1,70,2,27
5.355860,45.567830,1,70,2,84
5.701960,45.172170,1,70,1,3
5.789970,45.050430,1,70,1,240
5.584310,46.713600,1,70,2,26
5.724510,46.883480,1,70,2,22
-1.107390,44.451980,1,70,1,229
-1.060360,43.756370,1,70,2,162
1.347440,47.603490,1,70,1,140
0.824880,47.916270,1,70,1,62
1.074190,47.796930,1,70,1,344
1.696690,47.329750,1,70,2,48
1.416600,47.534220,1,70,2,124
1.073780,47.797450,1,70,1,164
0.972260,47.671540,1,70,2,35
1.296580,47.558010,1,70,2,29
3.933140,46.124230,1,70,2,120
4.306200,45.368890,1,70,2,1
4.429940,45.434340,1,70,1,52
4.094400,45.738210,1,70,1,276
4.405500,45.416230,1,70,1,42
-1.854310,47.195110,1,70,2,135
-1.495830,47.262000,1,70,1,236
-1.649950,47.218730,1,70,1,104
-1.253630,47.353930,1,70,1,233
-2.311880,47.283060,1,70,2,117
-1.968890,47.112250,1,70,2,74
-1.623000,47.203800,1,70,1,150
-1.608920,47.180490,1,70,1,289
-1.522276,47.254380,1,70,1,292
2.763730,48.152470,1,70,1,177
1.844980,47.874430,1,70,2,66
1.737070,47.851200,1,70,1,58
0.693750,44.171770,1,70,2,123
0.824450,44.407050,1,70,2,52
-0.901970,47.070710,1,70,1,31
-0.415880,47.419590,1,70,2,98
-0.548880,47.483940,1,70,1,202
-1.133390,48.587040,1,70,1,103
-1.633600,49.629400,1,70,1,68
-1.568120,48.804480,1,70,1,166
4.360260,48.947440,1,70,1,63
4.032750,49.229730,1,70,1,225
3.886270,49.273100,1,70,1,101
4.417430,48.921640,1,70,2,143
3.662040,48.756330,1,70,2,153
5.156710,48.376690,1,70,1,6
5.653760,47.775870,1,70,2,122
5.031050,48.603080,1,70,1,133
5.050220,48.138580,1,70,1,207
5.292700,47.661120,1,70,1,212
4.870680,48.646760,1,70,1,102
5.024890,48.605740,1,70,2,112
-0.771010,48.058830,1,70,1,105
-0.293900,48.146060,1,70,2,117
-0.771030,48.058970,1,70,1,285
5.944460,48.742370,1,70,2,33
6.139700,48.683130,1,70,1,331
-2.737310,47.762120,1,70,2,29
6.289760,49.317720,1,70,2,103
6.928700,48.654240,1,70,1,232
3.117820,46.995680,1,70,1,68
3.102270,47.000500,1,70,1,295
3.085720,50.634370,1,70,1,55
2.417170,50.756350,1,70,1,54
2.419500,50.758430,1,70,1,209
3.021650,50.621920,1,70,1,76
3.111400,50.684710,1,70,2,172
3.112200,50.682760,1,70,1,352
3.061440,50.616510,1,70,1,290
2.246510,49.367340,1,70,2,160
2.679910,49.145670,1,70,2,139
1.850420,49.281190,1,70,2,107
2.991770,49.234530,1,70,1,235
-0.017780,48.749120,1,70,1,104
2.103720,50.804650,1,70,2,118
2.784070,50.301070,1,70,1,188
1.625210,50.702770,1,70,1,256
3.079820,46.031620,1,70,1,340
2.697920,45.604110,1,70,1,219
3.119230,45.762490,1,70,1,152
-1.713080,43.361930,1,70,2,91
-1.637150,43.369550,1,70,2,155
-1.368100,43.492510,1,70,2,74
-1.357770,43.317130,1,70,2,122
-1.735450,43.357030,1,70,1,221
0.132260,43.338990,1,70,1,195
2.921200,42.623810,1,70,2,175
2.795490,42.492350,1,70,2,124
7.807934,48.640096,1,70,2,44
7.738990,48.570740,1,70,1,273
7.540860,48.338790,1,70,1,38
7.716680,48.452840,1,70,2,23
7.670910,48.479750,1,70,1,16
7.385540,47.599340,1,70,1,298
7.321040,48.268900,1,70,2,72
4.756400,45.826760,1,70,1,138
4.802620,45.763500,1,70,1,135
4.891380,45.723570,1,70,1,65
4.846650,45.716140,1,70,1,263
4.619280,45.675430,1,70,2,114
4.664130,45.953220,1,70,2,33
4.907200,45.764990,1,70,2,150
4.784160,45.788170,1,70,1,163
4.812010,45.790440,1,70,1,53
4.812170,45.790610,1,70,1,232
4.835670,45.700700,1,70,1,353
4.978850,45.731690,1,70,1,199
6.159360,47.633360,1,70,1,309
4.838180,46.311170,1,70,1,203
3.741080,46.628150,1,70,1,109
4.320690,47.009200,1,70,2,179
4.852700,46.894400,1,70,1,345
4.414770,46.703510,1,70,1,232
4.396970,46.700920,1,70,1,281
4.767330,46.299400,1,70,2,149
4.940910,46.557200,1,70,1,269
0.315510,47.802830,1,70,2,61
0.200300,47.979570,1,70,1,89
0.753170,47.929510,1,70,1,276
0.150470,48.135590,1,70,1,184
0.152260,48.150160,1,70,2,135
6.683010,45.193160,1,70,1,153
6.519380,45.492850,1,70,1,340
6.739480,45.582860,1,70,1,222
6.677220,45.195560,1,70,1,110
6.713060,45.085560,1,70,1,15
5.943330,45.777060,1,70,2,9
5.813290,45.691300,1,70,2,127
5.736220,45.706970,1,70,2,133
5.872560,45.634730,1,70,2,164
5.882420,45.726150,1,70,2,164
5.870760,45.760840,1,70,2,178
6.863320,45.900480,1,70,2,137
6.087040,46.051580,1,70,1,342
6.461150,46.340750,1,70,1,64
6.005300,46.001810,1,70,2,11
6.860940,45.901140,1,70,1,75
6.860960,45.901270,1,70,1,273
6.229120,46.181470,1,70,1,298
6.253070,46.151920,1,70,1,309
6.903600,45.862670,1,70,1,143
6.878510,45.886130,1,70,1,143
6.910820,45.855870,1,70,1,142
6.875640,45.888840,1,70,1,324
6.085660,46.074540,1,70,2,86
2.309770,48.896560,1,70,1,240
2.396270,48.890020,1,70,1,347
2.379650,48.822050,1,70,1,228
2.254520,48.854320,1,70,1,225
2.287970,48.885690,1,70,1,47
2.413800,48.860870,1,70,1,175
2.280800,48.832410,1,70,1,301
2.310020,48.823440,1,70,1,109
2.361400,48.900750,1,70,1,91
2.298710,48.826040,1,70,1,288
2.269200,48.867350,1,70,1,24
2.413350,48.869660,1,70,1,180
2.414390,48.845570,1,70,1,7
2.375170,48.900490,1,70,1,279
2.370180,48.818590,1,70,1,63
2.261110,48.858610,1,70,1,225
1.200490,49.445370,1,70,2,50
0.811580,49.632760,1,70,1,58
0.812630,49.633220,1,70,1,238
1.145240,49.451770,1,70,1,183
0.731280,49.583330,1,70,1,16
1.426700,49.750600,1,70,2,83
2.061350,48.945270,1,70,2,172
1.891470,48.724650,1,70,1,41
2.112160,48.834410,1,70,1,352
2.155930,48.855970,1,70,1,208
2.148110,48.846470,1,70,1,22
2.147930,48.846470,1,70,1,201
2.156100,48.855970,1,70,1,28
2.157020,48.870850,1,70,1,353
2.179260,48.792810,1,70,1,347
2.147930,48.832380,1,70,1,274
2.157570,48.782640,1,70,1,324
2.159230,48.812910,1,70,1,337
2.163990,48.799000,1,70,1,188
2.156210,48.784160,1,70,1,182
2.083020,48.921500,1,70,2,55
1.985030,48.770260,1,70,1,240
-0.296950,46.571340,1,70,1,205
-0.466560,46.262760,1,70,1,360
-0.057490,46.191660,1,70,1,117
-0.056610,46.191390,1,70,1,296
-0.423220,46.827180,1,70,1,124
-0.280110,46.638730,1,70,2,78
1.819710,50.152040,1,70,1,344
2.323400,50.069230,1,70,2,5
2.171680,43.961760,1,70,1,264
2.171230,43.961150,1,70,1,69
2.030630,43.567960,1,70,2,90
2.213110,43.921390,1,70,2,107
2.393010,43.898180,1,70,2,99
1.150910,44.124660,1,70,2,45
1.359450,44.056290,1,70,2,22
6.610670,43.234870,1,70,2,174
6.486630,43.493000,1,70,2,46
6.632450,43.462560,1,70,1,259
5.950360,43.120360,1,70,2,72
5.740920,43.156150,1,70,1,130
5.867030,43.132230,1,70,1,289
5.866550,43.467170,1,70,2,18
5.874010,43.479320,1,70,2,31
5.056990,43.874570,1,70,1,100
5.059600,43.874200,1,70,1,281
4.948042,43.932574,1,70,1,353
-1.673410,46.719160,1,70,1,246
-1.416210,46.704920,1,70,2,17
0.355720,46.629040,1,70,1,196
0.197310,46.758830,1,70,2,163
0.499290,46.849520,1,70,1,320
0.335740,46.555300,1,70,2,57
0.339690,46.816100,1,70,1,275
0.839750,46.416250,1,70,1,73
0.110860,46.948540,1,70,2,152
1.118480,46.051730,1,70,2,172
1.159040,45.984060,1,70,2,163
0.960040,46.164120,1,70,2,2
1.276710,45.866580,1,70,2,28
6.727300,47.899950,1,70,2,89
7.116110,48.288750,1,70,1,126
3.605090,47.740330,1,70,1,338
3.440070,48.185070,1,70,1,50
3.261260,48.171340,1,70,2,156
6.832170,47.722130,1,70,2,173
2.279900,48.670240,1,70,1,195
2.254380,48.612760,1,70,1,23
2.367780,48.730000,1,70,1,180
2.370700,48.719630,1,70,1,178
2.406500,48.632080,1,70,1,134
2.251610,48.887470,1,70,1,115
2.264770,48.883480,1,70,1,297
2.290580,48.906430,1,70,1,51
2.151540,48.826810,1,70,1,3
2.259740,48.892900,1,70,1,31
2.238850,48.891710,1,70,1,294
2.157620,48.870410,1,70,1,152
2.251190,48.887810,1,70,1,300
2.474470,48.881670,1,70,1,322
2.469120,48.883780,1,70,1,76
2.433970,48.872360,1,70,1,230
2.450880,48.789930,1,70,1,327
2.337540,48.811170,1,70,1,329
2.562840,48.786740,1,70,1,331
2.098000,49.019470,1,70,1,48
2.415400,49.088610,1,70,1,348
55.488900,-20.886690,1,70,1,274
-61.482570,16.217130,1,70,1,104
-61.629630,16.208100,1,70,2,44
-53.993700,5.487000,1,70,1,268
-52.371340,4.911020,1,70,1,140
-60.982340,14.528060,1,70,1,343
-61.605370,15.998060,1,70,1,57
-61.468185,16.409263,1,70,2,158
5.327390,45.957960,1,80,1,210
5.122000,46.363890,1,80,2,170
5.005190,45.964570,1,80,1,27
5.297710,45.850630,1,80,1,196
5.269980,45.808440,1,80,2,1
5.270660,46.160350,1,80,2,151
3.480490,49.363240,1,80,1,135
4.118640,49.891340,1,80,2,134
3.238680,49.947600,1,80,1,157
3.620480,49.549750,1,80,1,51
3.348110,49.467060,1,80,1,354
3.342190,49.909270,1,80,2,39
3.370920,49.215300,1,80,2,10
3.634240,49.310430,1,80,1,266
3.877870,49.818760,1,80,1,230
3.504610,49.607080,1,80,2,46
3.753970,49.524850,1,80,1,208
3.244100,49.938200,1,80,1,338
3.174120,49.396980,1,80,2,103
3.374320,49.386120,1,80,2,16
3.580660,49.050590,1,80,2,65
3.459680,49.040640,1,80,2,82
3.478490,49.269250,1,80,2,161
3.259600,49.582510,1,80,2,24
3.394840,49.361720,1,80,2,109
3.368760,46.465660,1,80,1,5
3.488990,46.268650,1,80,2,119
3.284540,46.235380,1,80,2,7
3.285260,46.346180,1,80,1,164
3.476830,46.591060,1,80,2,70
3.668240,46.540670,1,80,2,86
2.867390,46.322010,1,80,2,103
3.383270,46.074590,1,80,1,27
3.488260,46.189690,1,80,1,212
3.566750,46.535530,1,80,1,275
3.324980,46.316270,1,80,2,83
3.472390,46.517380,1,80,1,64
3.029250,46.376190,1,80,1,192
3.696600,46.248530,1,80,2,36
3.295390,46.381140,1,80,2,39
3.904120,46.456280,1,80,1,92
3.358280,46.429800,1,80,2,26
3.022870,46.364390,1,80,1,45
3.344650,46.487990,1,80,2,53
3.461120,46.082910,1,80,2,154
5.863680,43.885650,1,80,2,57
5.832210,43.857470,1,80,2,44
5.993260,44.116180,1,80,1,136
6.019800,44.076280,1,80,2,151
6.139380,44.048150,1,80,1,245
6.109400,44.036020,1,80,1,75
6.206790,44.058910,1,80,2,1
6.739960,43.962800,1,80,2,58
6.479240,43.960500,1,80,1,282
5.863880,44.260250,1,80,2,127
6.478800,44.396920,1,80,1,110
5.722630,43.890340,1,80,2,144
6.601260,44.926750,1,80,2,123
6.154000,44.577260,1,80,1,272
6.363400,44.529500,1,80,2,77
6.604780,44.660680,1,80,1,236
6.086410,44.647790,1,80,1,8
5.920120,44.561980,1,80,2,90
6.050700,44.522280,1,80,1,154
6.038460,44.708600,1,80,1,136
5.743980,44.515400,1,80,1,43
5.994270,44.545960,1,80,2,77
7.074100,43.658270,1,80,2,179
7.589450,44.066540,1,80,2,16
7.586270,44.046380,1,80,2,3
7.520580,43.927340,1,80,2,29
4.732940,45.287790,1,80,2,22
4.684590,44.447680,1,80,2,10
4.786820,44.941300,1,80,2,139
4.338650,44.526680,1,80,1,187
4.623600,44.572640,1,80,2,49
4.267610,44.397740,1,80,2,38
4.818350,44.934640,1,80,2,108
4.616500,44.975870,1,80,2,147
4.718170,49.398350,1,80,2,109
4.232060,49.600480,1,80,2,143
4.630740,49.890560,1,80,2,146
4.427860,49.727350,1,80,1,220
4.574850,49.373340,1,80,2,2
4.584090,49.493120,1,80,2,28
1.834190,42.649740,1,80,1,32
1.772050,42.751180,1,80,1,340
1.831880,42.693000,1,80,2,33
1.831880,42.693000,1,80,2,34
1.614020,42.828450,1,80,2,128
1.781700,42.912850,1,80,2,115
3.857420,48.491790,1,80,1,137
3.699700,48.242470,1,80,2,70
4.024250,48.245830,1,80,1,198
4.004190,48.203670,1,80,1,18
4.244500,48.157690,1,80,2,122
4.378990,48.098710,1,80,2,166
3.494170,48.482720,1,80,2,95
4.104310,48.358440,1,80,2,6
4.368240,48.396760,1,80,2,32
3.460020,48.472190,1,80,2,66
4.085320,48.261420,1,80,2,120
3.956640,48.286470,1,80,2,88
4.440020,48.238000,1,80,2,84
4.767120,48.198630,1,80,2,134
4.165870,48.337400,1,80,1,75
4.205470,48.344090,1,80,1,76
3.482010,48.485970,1,80,1,134
4.136220,48.496350,1,80,1,13
3.674840,48.513470,1,80,2,101
2.943710,43.083280,1,80,2,10
3.051060,43.142430,1,80,2,165
3.060190,43.127380,1,80,2,126
3.000060,42.906150,1,80,2,170
2.243170,43.039120,1,80,1,323
1.875330,43.339910,1,80,1,298
2.298390,43.141630,1,80,2,124
2.265400,43.212150,1,80,2,159
1.942570,43.127940,1,80,2,56
1.980510,43.155370,1,80,2,46
1.953940,43.135930,1,80,2,33
3.029910,43.211280,1,80,2,41
2.695020,44.390520,1,80,1,289
2.987690,44.232700,1,80,2,7
2.095480,44.413280,1,80,2,178
2.653820,44.567990,1,80,2,152
3.028220,44.336660,1,80,2,165
2.300250,44.313990,1,80,2,68
2.415990,44.290660,1,80,2,128
2.912050,43.948600,1,80,2,33
3.001130,44.080070,1,80,1,268
3.020110,44.343510,1,80,2,120
2.666660,44.384310,1,80,2,59
2.693320,44.390880,1,80,2,109
2.932240,44.352210,1,80,2,134
2.846030,44.243690,1,80,2,120
5.282860,43.405090,1,80,2,63
4.930720,43.846880,1,80,2,136
5.493460,43.654940,1,80,2,10
4.925780,43.785310,1,80,2,90
5.191790,43.536470,1,80,2,151
4.650280,43.722140,1,80,2,33
5.092740,43.675500,1,80,2,8
4.959950,43.530990,1,80,1,166
4.955810,43.542767,1,80,1,346
5.507240,43.236360,1,80,2,109
5.469960,43.238630,1,80,2,77
5.488470,43.238740,1,80,2,103
5.526930,43.229890,1,80,2,120
4.965290,43.506750,1,80,2,173
-0.785200,48.784180,1,80,2,147
-0.645330,49.035630,1,80,1,334
0.362170,49.143610,1,80,1,92
-0.048890,49.003020,1,80,1,34
-0.736350,49.020590,1,80,1,188
-0.770640,48.841990,1,80,2,88
-0.132500,49.256100,1,80,2,84
2.407730,44.896740,1,80,2,58
2.654190,45.006150,1,80,2,45
2.972760,45.132320,1,80,1,73
2.585780,44.954350,1,80,2,58
2.201090,44.728430,1,80,2,146
2.309080,44.881300,1,80,2,16
0.269930,45.593950,1,80,2,164
-0.316270,45.592730,1,80,1,338
0.043400,45.281030,1,80,1,209
0.744510,45.919300,1,80,2,159
-0.975320,45.635390,1,80,1,226
-1.082970,45.819600,1,80,2,147
-0.760220,45.573050,1,80,2,148
-1.035850,46.120690,1,80,2,111
-0.939450,46.060870,1,80,2,1
-0.730320,45.793190,1,80,2,127
-1.023940,45.690240,1,80,2,112
-0.875530,45.928840,1,80,2,54
2.611630,47.114210,1,80,1,258
2.362610,46.736190,1,80,2,103
2.319680,47.204720,1,80,1,181
2.298540,47.079090,1,80,2,85
2.190510,47.283670,1,80,1,233
2.212420,47.294100,1,80,2,55
2.170377,47.272900,1,80,2,52
1.682660,45.208940,1,80,1,192
1.554530,45.123590,1,80,2,179
1.881290,45.138910,1,80,2,176
1.671080,45.381580,1,80,2,85
9.300410,41.652480,1,80,2,28
9.257130,41.567420,1,80,2,83
9.481520,42.478450,1,80,2,169
9.541330,42.314470,1,80,2,171
9.248440,41.566500,1,80,1,82
9.149930,41.510370,1,80,2,31
9.480980,42.480340,1,80,1,169
9.480600,42.482430,1,80,1,179
-3.336880,48.241610,1,80,1,303
-2.619700,48.170050,1,80,1,85
-3.079760,48.764750,1,80,2,119
-2.951340,48.499840,1,80,2,138
-2.529780,48.527860,1,80,2,169
-2.437870,48.520350,1,80,1,60
-2.508710,48.429970,1,80,1,169
2.467740,45.892770,1,80,1,295
1.955760,46.127790,1,80,2,134
2.190110,45.971440,1,80,1,134
1.972030,45.970670,1,80,2,112
2.170280,45.866370,1,80,2,8
0.679830,45.229190,1,80,2,47
0.669480,45.187410,1,80,1,246
0.779320,45.156610,1,80,2,137
0.710050,45.159040,1,80,1,47
0.836600,45.104250,1,80,2,156
0.316120,45.032130,1,80,2,59
0.818780,45.207560,1,80,2,79
0.400090,44.839080,1,80,1,105
0.125630,44.848130,1,80,2,98
0.947820,45.496350,1,80,1,21
0.862830,45.414090,1,80,1,74
0.879200,45.415690,1,80,1,254
0.395780,44.839870,1,80,1,285
0.388360,45.175270,1,80,2,128
0.589830,44.973200,1,80,2,14
6.363680,46.812860,1,80,1,209
6.363690,46.812800,1,80,1,28
6.319400,47.107920,1,80,1,321
6.784090,47.325970,1,80,2,125
6.300660,46.918480,1,80,1,118
6.208670,46.939790,1,80,2,108
6.279740,47.137110,1,80,2,149
6.269670,47.144510,1,80,2,130
6.810740,47.295280,1,80,2,34
6.188620,47.308480,1,80,1,233
6.280600,47.135900,1,80,1,152
6.349700,47.073630,1,80,2,6
6.297280,47.126400,1,80,2,130
6.368540,46.837260,1,80,1,360
6.379910,46.753530,1,80,2,35
6.334490,47.032300,1,80,2,27
6.713250,47.136690,1,80,2,27
4.867800,45.032940,1,80,1,358
4.881480,44.981620,1,80,1,167
4.957910,44.723950,1,80,2,97
4.770460,44.633760,1,80,1,209
4.817000,45.224200,1,80,2,8
4.704340,44.399630,1,80,1,199
4.893850,44.552890,1,80,2,93
4.757640,44.615920,1,80,1,16
4.734650,44.424630,1,80,2,146
4.991050,45.048730,1,80,2,106
4.904320,44.832430,1,80,2,145
5.012030,44.748270,1,80,2,41
4.730470,44.540240,1,80,2,3
5.045970,45.131390,1,80,2,179
4.792830,44.341470,1,80,2,99
4.919130,44.818880,1,80,2,142
1.271670,49.177010,1,80,1,122
1.030790,49.064210,1,80,1,304
0.803610,48.682260,1,80,2,38
1.384260,49.335350,1,80,2,135
0.722030,49.154760,1,80,2,84
0.990080,48.746200,1,80,1,264
0.947360,49.224030,1,80,2,26
0.652280,49.140150,1,80,2,39
1.113020,48.932180,1,80,2,19
1.011580,48.825930,1,80,2,55
1.328680,49.011470,1,80,1,93
1.316240,49.011910,1,80,1,274
1.645040,49.220820,1,80,2,126
0.639130,49.095830,1,80,2,130
0.862850,48.716060,1,80,1,238
0.574140,49.085630,1,80,2,3
0.933660,48.967670,1,80,2,39
0.930470,48.885780,1,80,2,9
0.571480,49.058180,1,80,2,22
0.688360,49.262820,1,80,2,164
0.711020,49.222500,1,80,2,159
0.684390,49.278590,1,80,2,174
0.437930,49.362680,1,80,2,97
0.829540,49.126960,1,80,2,108
0.613140,49.328330,1,80,2,131
0.769880,48.750300,1,80,2,99
1.284170,48.644730,1,80,2,44
1.211260,48.246050,1,80,2,11
1.339480,48.132560,1,80,1,208
1.182750,48.474770,1,80,2,126
1.704570,48.497500,1,80,1,71
1.848730,48.141670,1,80,2,163
1.694600,48.494480,1,80,1,238
1.429980,48.051830,1,80,2,102
0.916530,48.260780,1,80,2,84
1.448240,48.454180,1,80,1,214
1.615640,48.136690,1,80,2,78
1.317170,48.529810,1,80,2,156
1.293360,48.451060,1,80,1,289
1.727470,48.283640,1,80,2,137
1.840000,48.163900,1,80,2,168
1.354400,48.062880,1,80,2,67
1.526350,48.521240,1,80,2,39
1.688620,48.307300,1,80,2,133
1.280570,48.017450,1,80,2,60
1.379660,48.689520,1,80,2,170
-3.774410,48.619210,1,80,1,234
-3.959770,47.969760,1,80,2,90
-3.996720,47.904770,1,80,2,68
-4.247950,48.402140,1,80,1,161
4.047730,44.182150,1,80,1,155
4.518690,43.827140,1,80,2,91
4.300490,43.745860,1,80,2,43
4.561470,44.162610,1,80,2,73
4.675390,43.948900,1,80,1,143
4.737670,44.000220,1,80,2,164
4.560680,43.706010,1,80,2,116
4.271560,43.752020,1,80,1,48
4.742030,44.058620,1,80,1,115
4.336160,43.775560,1,80,2,50
4.743550,43.969080,1,80,1,35
4.281970,44.115440,1,80,2,109
4.500390,43.887070,1,80,2,55
4.245170,43.856280,1,80,2,101
4.450660,43.701200,1,80,2,22
4.031140,43.887460,1,80,2,109
4.568730,43.958380,1,80,2,18
4.133704,44.195604,1,80,2,27
3.795920,43.951450,1,80,1,252
4.437040,43.886260,1,80,2,153
4.240500,44.118810,1,80,2,118
4.707350,44.074010,1,80,1,3
4.510780,44.151160,1,80,2,74
4.736990,44.013510,1,80,2,42
1.429942,43.394090,1,80,2,154
1.259060,43.681010,1,80,2,117
1.406910,43.767900,1,80,2,169
1.277950,43.465400,1,80,2,95
1.362710,43.755660,1,80,2,159
0.637010,43.077420,1,80,1,243
0.599880,43.039150,1,80,2,123
0.540160,43.581280,1,80,1,199
0.366210,43.493640,1,80,2,82
0.912900,43.620010,1,80,1,137
0.623810,43.662990,1,80,1,312
-0.023430,43.782920,1,80,1,261
0.649550,43.938310,1,80,1,230
0.619630,43.759820,1,80,1,0
0.470190,43.692200,1,80,2,105
0.335920,43.748670,1,80,1,298
0.469570,43.767260,1,80,2,146
-0.093420,43.674210,1,80,1,279
0.324350,43.914860,1,80,1,218
0.356150,43.739700,1,80,1,144
0.287220,43.425350,1,80,1,77
-0.174950,43.687080,1,80,1,109
0.466990,44.032550,1,80,2,22
0.051170,43.867560,1,80,1,305
-0.866620,44.793940,1,80,2,82
-0.818760,45.156460,1,80,2,134
-0.329920,44.624500,1,80,2,140
-1.045280,45.132030,1,80,2,1
-0.269480,44.202660,1,80,2,13
-0.729040,44.845120,1,80,1,257
-0.974920,45.333590,1,80,2,154
-1.074910,45.465170,1,80,2,137
-0.166570,44.968720,1,80,2,46
-0.575690,45.317610,1,80,2,25
3.315950,43.827070,1,80,1,156
3.309440,43.833060,1,80,1,135
3.743900,43.423350,1,80,2,66
3.442400,43.306630,1,80,2,105
3.088350,43.322600,1,80,1,265
3.874010,43.787640,1,80,2,13
3.821330,43.680320,1,80,2,6
3.700130,43.437920,1,80,2,166
3.551770,43.423800,1,80,1,237
3.114200,43.289010,1,80,2,59
2.864450,43.473690,1,80,1,76
3.285660,43.278190,1,80,1,189
3.794410,43.718370,1,80,2,6
3.234900,43.364680,1,80,2,105
3.081055,43.266958,1,80,2,3
3.776176,43.494374,1,80,2,26
3.961740,43.669590,1,80,2,121
3.426640,43.323720,1,80,2,169
3.064840,43.323280,1,80,2,84
4.136680,43.639530,1,80,2,31
-1.630480,48.045840,1,80,2,100
-1.720890,47.840750,1,80,2,71
-1.099890,48.327410,1,80,2,151
-1.305440,48.060610,1,80,1,54
-1.182490,48.189070,1,80,1,182
-1.221320,48.343110,1,80,2,129
-1.909520,48.083930,1,80,2,137
-1.195680,48.022740,1,80,2,167
-1.722490,48.052600,1,80,2,110
-1.450090,48.424370,1,80,2,93
-1.814650,48.020530,1,80,2,84
-1.717300,47.924720,1,80,2,107
-1.469620,48.443680,1,80,2,131
-1.140250,48.438290,1,80,2,22
-1.156150,48.406780,1,80,2,18
-1.132230,48.467040,1,80,2,22
1.296540,46.922520,1,80,2,114
1.683660,46.786880,1,80,2,66
1.575230,47.140240,1,80,2,153
2.012430,46.576820,1,80,2,121
1.802280,46.868420,1,80,1,238
1.256840,46.632570,1,80,1,250
1.167510,46.975680,1,80,1,27
1.597930,46.791310,1,80,2,101
2.069430,46.976990,1,80,2,61
1.819690,46.828750,1,80,2,114
1.643260,46.909370,1,80,2,163
1.878580,46.900830,1,80,2,59
1.457360,46.879040,1,80,2,120
1.872090,46.709520,1,80,2,141
1.663430,46.770510,1,80,2,129
0.809700,47.291280,1,80,2,139
0.868870,47.401900,1,80,2,84
0.646840,47.158680,1,80,1,17
0.839860,47.532360,1,80,1,47
0.658950,47.615360,1,80,1,350
0.278640,47.572670,1,80,2,128
0.104270,47.232060,1,80,2,75
0.740140,47.593810,1,80,1,274
0.765120,47.481510,1,80,2,38
0.609690,47.560310,1,80,1,69
1.077130,47.321570,1,80,2,84
0.449430,47.249640,1,80,1,61
0.956880,47.566800,1,80,2,126
0.995520,47.426410,1,80,2,65
0.853840,47.399550,1,80,2,66
0.906010,47.397590,1,80,1,78
4.832310,45.482620,1,80,1,184
5.113430,45.654930,1,80,1,305
5.526400,45.261820,1,80,2,33
5.332360,45.416540,1,80,1,310
4.979800,45.507510,1,80,2,106
5.233090,45.737380,1,80,2,160
5.609910,44.857730,1,80,2,141
5.581610,45.468360,1,80,2,25
4.897500,45.351500,1,80,2,57
5.527210,45.540830,1,80,2,123
5.136450,45.629480,1,80,1,313
5.357690,45.875190,1,80,2,113
5.777570,45.129180,1,80,1,343
5.729360,46.888880,1,80,2,15
5.440140,46.577830,1,80,1,34
5.594720,46.584070,1,80,2,3
6.014170,46.552340,1,80,1,177
5.675450,46.867290,1,80,2,148
6.064450,46.474010,1,80,2,4
5.495270,47.173310,1,80,2,171
5.922240,46.748220,1,80,2,140
5.459150,47.074880,1,80,2,44
5.760060,47.162010,1,80,1,247
6.054010,46.816300,1,80,2,71
5.641060,46.845250,1,80,2,93
5.678940,46.837550,1,80,2,108
5.749020,46.899740,1,80,2,71
5.836280,46.995120,1,80,2,55
5.575880,46.802100,1,80,1,36
5.712320,46.857440,1,80,2,174
5.771530,46.916800,1,80,2,13
5.596330,47.139870,1,80,2,67
-1.398180,43.615480,1,80,1,236
-0.947720,43.542220,1,80,1,287
-0.296500,43.817040,1,80,1,182
-0.419050,43.855100,1,80,2,119
-0.970860,43.671290,1,80,2,141
-0.287960,44.150380,1,80,1,183
-0.292800,43.971310,1,80,2,88
-0.742450,44.204810,1,80,1,182
-0.742660,44.200190,1,80,1,3
-0.292720,43.801770,1,80,1,332
-0.617490,43.634050,1,80,1,36
-1.030920,43.516150,1,80,2,138
-1.118160,43.852390,1,80,1,147
-1.044760,44.506710,1,80,2,44
-1.216910,44.423580,1,80,2,96
-0.649840,43.592250,1,80,1,22
-1.119580,43.853960,1,80,2,148
-0.714560,44.136270,1,80,2,127
1.444030,47.649500,1,80,2,61
1.039890,47.746920,1,80,2,28
2.054900,47.389440,1,80,2,179
1.281330,47.540180,1,80,2,34
1.017500,47.718180,1,80,1,29
1.117380,47.469950,1,80,2,85
1.030540,47.784750,1,80,2,58
1.101340,47.467180,1,80,2,86
1.305250,47.561820,1,80,2,34
4.265370,45.598700,1,80,1,168
4.143860,45.561450,1,80,2,129
4.345890,45.622300,1,80,2,49
4.620480,45.292720,1,80,2,103
4.076050,46.090970,1,80,2,10
4.193310,46.032380,1,80,2,77
4.337090,45.643770,1,80,2,86
4.212820,45.499570,1,80,2,100
3.707030,45.123950,1,80,2,84
4.141820,45.292800,1,80,2,124
3.255950,45.285580,1,80,2,144
3.817220,45.209900,1,80,2,3
4.077700,45.163230,1,80,1,341
3.524580,45.172350,1,80,2,146
4.232020,45.253370,1,80,2,68
3.503530,45.147540,1,80,2,9
3.920130,45.142190,1,80,2,4
3.775480,45.024770,1,80,2,124
3.839730,45.019770,1,80,2,46
4.104890,45.141040,1,80,2,50
3.354530,45.282410,1,80,2,21
3.822890,45.081770,1,80,2,121
3.765020,45.105700,1,80,2,114
3.917590,45.271650,1,80,2,92
3.833190,45.058020,1,80,2,61
-1.740010,47.130610,1,80,2,86
-1.478320,47.323020,1,80,2,10
-1.366330,47.050190,1,80,2,156
-1.282760,47.114840,1,80,2,178
-2.076520,47.460600,1,80,2,35
-1.067690,47.396330,1,80,1,72
-2.110110,47.219690,1,80,2,102
-1.830570,47.002700,1,80,1,107
-1.829180,47.002560,1,80,1,278
-1.827680,47.433860,1,80,2,46
-1.985240,47.638220,1,80,2,97
-1.940970,47.121130,1,80,2,56
2.279500,47.897640,1,80,2,50
2.737710,47.871410,1,80,1,175
2.767640,48.074120,1,80,1,351
1.958050,47.688810,1,80,2,152
2.238250,48.206810,1,80,1,349
2.580800,47.641100,1,80,2,48
1.967180,48.022990,1,80,2,35
2.356140,47.940210,1,80,2,50
2.127700,48.163260,1,80,2,94
2.014870,47.742940,1,80,1,162
2.112330,48.017990,1,80,2,37
2.376580,48.271900,1,80,1,45
2.437360,47.794800,1,80,2,135
1.852860,44.902310,1,80,2,135
2.079310,44.641420,1,80,2,69
1.068750,44.514590,1,80,2,82
1.964000,44.604190,1,80,2,130
1.413480,44.480680,1,80,2,137
0.107350,44.347210,1,80,2,1
0.297170,44.539860,1,80,2,37
0.715970,44.310240,1,80,2,70
0.341040,44.377390,1,80,2,121
0.527910,44.205900,1,80,2,102
0.353540,44.258930,1,80,2,127
1.003510,44.492020,1,80,1,293
0.454890,44.363830,1,80,2,59
0.547940,44.129610,1,80,2,47
0.262040,44.434190,1,80,2,116
0.829480,44.382170,1,80,2,94
0.910750,44.470260,1,80,2,41
0.692490,44.462860,1,80,2,24
0.978000,44.431020,1,80,2,161
0.366840,44.078330,1,80,2,161
0.358650,44.620970,1,80,2,11
3.782070,44.279990,1,80,2,75
3.830920,44.713260,1,80,2,64
3.305250,44.520130,1,80,2,108
3.525720,44.531520,1,80,1,186
-0.650180,47.286960,1,80,2,40
-0.077510,47.534790,1,80,2,100
-0.715730,47.430210,1,80,1,235
-0.588520,47.595800,1,80,2,8
-0.183420,47.154360,1,80,2,131
-0.168040,47.415620,1,80,2,129
-0.766160,47.614270,1,80,1,74
-0.489870,47.538300,1,80,2,32
-0.753280,47.379660,1,80,2,158
-0.753300,47.166120,1,80,2,16
-0.402860,47.313810,1,80,1,324
-0.101580,47.558090,1,80,2,19
-0.763140,47.493000,1,80,2,114
-0.654190,47.166690,1,80,1,138
-0.913020,47.248670,1,80,1,65
-0.356300,47.170860,1,80,2,73
-0.382570,47.165000,1,80,2,72
-0.486340,47.149640,1,80,2,85
-0.411230,47.158560,1,80,2,72
-1.487720,49.102610,1,80,2,173
-1.475230,49.644110,1,80,2,88
-1.409450,48.719000,1,80,2,138
-1.506970,48.893530,1,80,1,242
-1.503040,48.837050,1,80,2,92
-1.710110,49.444030,1,80,2,63
-1.523750,48.800140,1,80,2,139
-1.713030,49.575610,1,80,1,236
-1.757120,49.551650,1,80,2,50
-1.285890,49.083470,1,80,2,73
-1.061270,48.600610,1,80,1,243
4.228050,49.138930,1,80,1,133
3.534100,48.719700,1,80,1,80
3.987560,49.306920,1,80,1,148
3.964970,49.077630,1,80,2,175
4.946150,49.101980,1,80,1,288
3.845120,49.277900,1,80,1,291
3.650560,49.310220,1,80,1,100
3.864450,49.197350,1,80,2,20
3.784090,48.721290,1,80,2,83
4.125090,48.741390,1,80,2,98
3.689470,48.727090,1,80,1,276
4.035800,48.750030,1,80,2,98
3.890800,49.203970,1,80,2,72
4.403550,49.007310,1,80,2,29
4.340340,48.737410,1,80,2,85
4.443710,49.043770,1,80,2,31
4.558100,49.264660,1,80,2,8
4.468150,49.068900,1,80,2,33
3.935550,49.219890,1,80,2,69
3.504240,48.730930,1,80,2,115
5.077890,48.107790,1,80,2,59
5.113210,48.484580,1,80,2,168
5.369240,47.857560,1,80,2,93
5.401570,48.037050,1,80,2,72
5.114440,48.272430,1,80,1,323
5.112170,48.277670,1,80,1,176
5.065900,48.055840,1,80,1,33
5.647410,47.962300,1,80,2,108
5.442890,47.845940,1,80,2,94
5.355030,47.857180,1,80,2,73
-0.703990,47.961520,1,80,2,143
-0.299910,48.425310,1,80,1,73
-0.733870,48.023590,1,80,1,342
-0.458880,48.122400,1,80,2,61
-0.851670,47.992070,1,80,2,29
-0.175470,48.472310,1,80,2,38
-0.650840,47.842170,1,80,2,68
-0.582020,47.965730,1,80,2,129
-0.867530,48.050100,1,80,2,55
-0.973332,48.076589,1,80,1,265
-0.708510,47.786240,1,80,2,1
-0.759330,48.111810,1,80,2,101
-0.832240,48.010150,1,80,2,32
6.821330,48.569080,1,80,2,13
5.772040,49.548480,1,80,1,38
6.177340,48.531070,1,80,2,33
5.986950,48.777640,1,80,2,45
6.012070,48.793810,1,80,2,45
6.030090,48.579760,1,80,2,111
5.862680,49.353080,1,80,1,74
6.063200,48.942120,1,80,2,179
5.926930,49.013360,1,80,2,172
5.383360,49.147180,1,80,2,117
5.196260,48.784240,1,80,2,55
5.121310,48.749040,1,80,2,42
-2.962020,48.022440,1,80,1,47
-2.262640,48.101410,1,80,1,213
-2.794040,48.017170,1,80,1,276
-2.438090,47.739740,1,80,2,9
-2.958030,48.025680,1,80,1,214
-2.819450,47.863390,1,80,2,16
-3.222310,47.711490,1,80,2,158
-3.453200,47.787680,1,80,2,142
-3.274320,47.777100,1,80,2,6
-2.554690,47.695070,1,80,2,81
-2.395810,47.556140,1,80,2,8
-3.239350,47.755450,1,80,1,119
-3.340090,47.837660,1,80,2,178
-2.820520,48.022150,1,80,1,115
-2.896920,47.622030,1,80,1,260
-3.550560,48.087000,1,80,2,153
-3.365460,47.934830,1,80,2,131
6.215000,49.119600,1,80,1,237
6.283290,49.402040,1,80,1,219
6.904850,48.640430,1,80,1,66
7.375120,49.045600,1,80,2,107
6.256380,49.323620,1,80,2,78
3.137740,46.853310,1,80,1,19
3.143110,46.861180,1,80,1,208
3.085310,47.209660,1,80,1,54
3.346590,47.334550,1,80,2,68
3.731470,47.054140,1,80,2,83
3.418060,46.844890,1,80,2,101
3.258470,46.989380,1,80,2,52
3.516050,50.109560,1,80,1,111
2.540220,49.142520,1,80,2,23
2.149730,49.489100,1,80,2,46
2.231810,49.217570,1,80,1,357
2.320820,49.603180,1,80,2,171
2.565180,49.562170,1,80,2,88
2.970990,49.599010,1,80,2,132
2.282010,49.198940,1,80,1,351
2.420250,49.416190,1,80,1,180
2.529580,49.081700,1,80,1,3
2.136600,49.587040,1,80,2,115
2.411040,49.520270,1,80,2,115
2.089270,49.291800,1,80,2,171
2.594710,49.277200,1,80,2,27
2.955950,49.404250,1,80,2,112
0.314960,48.816350,1,80,2,48
-0.562560,48.807570,1,80,1,5
0.169200,48.572030,1,80,2,179
0.329282,48.698879,1,80,2,75
-0.408500,48.580880,1,80,2,77
0.129750,48.627180,1,80,1,111
0.758760,48.340890,1,80,2,117
0.007360,48.798000,1,80,2,15
0.669310,48.689140,1,80,2,174
-0.709030,48.563470,1,80,2,76
-0.519860,48.675720,1,80,1,183
0.664230,48.785460,1,80,2,53
0.268190,48.745090,1,80,1,42
-0.574350,48.690220,1,80,2,151
0.547040,48.457450,1,80,2,179
0.481600,48.632300,1,80,2,1
-0.291940,48.586940,1,80,2,46
0.887830,48.375940,1,80,1,32
-0.493290,48.541500,1,80,2,132
-0.031070,48.455520,1,80,2,98
2.413900,50.418420,1,80,2,74
1.766220,50.503160,1,80,2,169
1.617850,50.551330,1,80,2,161
2.290030,50.296860,1,80,2,176
2.069850,50.434320,1,80,2,34
2.097360,50.591210,1,80,2,3
2.084750,50.376880,1,80,2,78
2.926740,45.858900,1,80,2,91
3.007350,45.700810,1,80,1,94
3.148510,45.766580,1,80,2,168
3.341950,45.939210,1,80,2,5
2.695720,45.602160,1,80,1,39
3.184290,45.984480,1,80,2,20
3.313490,45.704800,1,80,2,38
-1.467370,43.513520,1,80,1,23
-0.703630,43.464430,1,80,2,120
-0.490500,43.353410,1,80,1,307
-0.533420,43.354380,1,80,1,299
-0.319530,43.501360,1,80,2,22
-1.357090,43.308390,1,80,2,68
-0.804400,43.539560,1,80,2,9
-0.471360,43.423850,1,80,2,160
-0.865030,43.506650,1,80,2,87
-1.581930,43.360340,1,80,1,313
-0.265680,43.239240,1,80,2,160
-1.735450,43.357030,1,80,1,41
-1.361340,43.318740,1,80,2,121
-1.383700,43.325810,1,80,2,126
-1.327240,43.264790,1,80,2,136
-1.319130,43.257210,1,80,2,179
0.036620,43.500520,1,80,2,178
2.550190,42.652240,1,80,1,62
2.980600,42.556650,1,80,2,112
2.777270,42.490310,1,80,2,52
7.700930,48.863110,1,80,2,122
7.473940,48.241220,1,80,1,116
7.462720,48.860920,1,80,2,56
7.616160,48.965240,1,80,1,101
7.649720,48.601910,1,80,2,125
7.918760,48.836130,1,80,2,100
7.539840,48.387910,1,80,1,55
7.207170,48.846760,1,80,2,161
7.431510,48.905940,1,80,2,117
7.558870,48.786700,1,80,1,353
7.354330,48.279480,1,80,2,60
7.341610,47.835730,1,80,2,17
7.117690,47.748040,1,80,2,133
7.209850,47.629200,1,80,2,92
4.352300,45.914190,1,80,1,122
4.528960,45.645170,1,80,2,40
4.678780,45.690830,1,80,2,65
4.582190,45.667840,1,80,2,112
4.656770,45.939130,1,80,2,22
4.620370,45.918470,1,80,2,41
4.695540,45.856340,1,80,2,80
4.615050,45.916600,1,80,2,119
6.363920,47.658430,1,80,1,236
6.305280,47.721330,1,80,1,209
6.385410,47.825440,1,80,1,134
6.774700,47.549630,1,80,1,354
6.522380,47.711360,1,80,2,19
6.107680,47.684960,1,80,2,179
6.375340,47.662660,1,80,1,54
6.402240,47.795650,1,80,2,16
6.508910,47.543260,1,80,2,104
6.207330,47.624700,1,80,2,80
6.305330,47.721340,1,80,2,29
5.939670,47.703200,1,80,2,114
6.384150,47.881100,1,80,2,17
5.706930,47.340450,1,80,2,118
4.890000,46.784790,1,80,1,49
4.917280,46.736530,1,80,2,150
4.040200,46.239370,1,80,2,22
4.409590,46.429070,1,80,2,144
4.175060,46.544540,1,80,2,23
5.189610,46.693200,1,80,2,168
4.043570,46.538390,1,80,2,7
4.669900,46.471840,1,80,2,174
4.395270,46.883260,1,80,2,153
5.036530,46.565410,1,80,1,229
4.436440,46.413260,1,80,1,299
4.862040,46.376500,1,80,1,31
4.556720,46.368490,1,80,1,125
4.613630,46.481610,1,80,2,163
-0.096200,48.020780,1,80,2,89
0.370700,48.004950,1,80,2,97
0.345680,48.114260,1,80,2,52
-0.030010,47.853400,1,80,2,69
-0.097360,48.167580,1,80,2,129
0.181930,48.407370,1,80,2,101
0.531840,48.070470,1,80,1,237
-0.113350,47.727400,1,80,1,151
-0.010000,47.723510,1,80,1,204
0.021144,48.021734,1,80,1,265
0.088730,48.374600,1,80,1,356
0.062540,47.813380,1,80,1,38
-0.277840,47.808340,1,80,2,132
-0.041860,48.240980,1,80,2,47
0.073260,47.916710,1,80,2,55
6.123810,45.533520,1,80,2,48
5.784220,45.703630,1,80,2,101
6.306230,45.503980,1,80,2,29
6.145150,45.485370,1,80,1,43
5.718990,45.505630,1,80,2,133
6.389560,45.760820,1,80,2,125
5.811450,45.461290,1,80,2,25
5.798830,45.696760,1,80,1,254
6.275008,45.401141,1,80,2,1
5.861990,45.785260,1,80,2,157
5.839500,45.913470,1,80,2,8
5.883600,45.748210,1,80,2,152
6.189510,45.525980,1,80,2,36
6.356120,46.326250,1,80,2,67
6.258970,46.046370,1,80,2,55
6.248240,45.766130,1,80,2,141
6.359320,46.159100,1,80,2,86
6.447740,46.068560,1,80,2,97
5.995990,45.816510,1,80,1,68
6.272870,46.292140,1,80,2,41
6.280030,45.755060,1,80,1,283
6.475010,46.071860,1,80,1,97
6.631490,45.989880,1,80,2,172
1.259780,49.385330,1,80,2,81
0.919890,49.336540,1,80,1,17
0.946990,49.472950,1,80,1,149
2.844820,48.958100,1,80,1,279
3.399990,48.692540,1,80,2,88
2.689930,48.390070,1,80,1,13
2.864190,48.794220,1,80,2,130
2.698620,48.723030,1,80,2,7
3.052690,48.779770,1,80,2,37
3.187190,48.692580,1,80,2,90
2.842060,48.818940,1,80,2,1
2.805770,48.827420,1,80,2,140
3.149140,48.655730,1,80,2,132
3.090890,48.690100,1,80,1,125
3.020750,48.729080,1,80,2,132
3.126400,48.671040,1,80,2,119
2.978230,48.735670,1,80,2,105
2.947760,48.298630,1,80,1,358
2.831890,48.703790,1,80,2,40
2.878980,48.829470,1,80,2,8
2.808680,48.659590,1,80,2,15
1.892570,48.460840,1,80,1,111
1.835710,48.506330,1,80,1,330
1.956030,48.934830,1,80,2,99
1.879120,48.959920,1,80,2,96
1.964350,49.020800,1,80,2,76
-0.836310,46.935200,1,80,1,121
-0.525290,46.242510,1,80,2,92
-0.667760,46.190170,1,80,1,238
-0.094320,46.653900,1,80,1,87
-0.195800,47.026320,1,80,2,16
-0.358840,46.873720,1,80,1,77
-0.613470,46.663740,1,80,2,158
-0.238140,46.723240,1,80,2,6
-0.238930,46.120910,1,80,2,45
-0.215660,46.593960,1,80,2,135
-0.683320,46.837380,1,80,2,147
-0.196220,46.917810,1,80,1,177
2.544820,49.971490,1,80,2,67
2.113930,49.987020,1,80,2,160
2.817220,49.750830,1,80,2,46
2.716590,49.873660,1,80,2,89
1.661650,50.254100,1,80,2,55
2.752210,49.648870,1,80,2,10
2.253560,49.778960,1,80,2,2
2.486900,49.897050,1,80,1,252
2.878970,49.957730,1,80,2,100
1.750350,50.320930,1,80,2,176
2.708400,49.658300,1,80,1,251
1.942010,49.951440,1,80,1,350
3.007530,49.990670,1,80,1,203
2.405750,49.970020,1,80,2,51
2.922860,49.898950,1,80,2,16
2.183230,49.753070,1,80,2,15
1.599530,49.981830,1,80,2,76
2.244600,49.708140,1,80,2,19
2.269270,49.838380,1,80,2,5
1.538540,49.999370,1,80,2,137
2.167030,43.999540,1,80,1,155
1.853360,43.682320,1,80,2,95
1.799350,43.587500,1,80,2,91
1.604270,43.919570,1,80,1,258
1.799170,43.909520,1,80,1,78
2.220800,43.678880,1,80,2,151
1.836910,43.872800,1,80,2,59
1.837120,43.755600,1,80,2,76
2.011550,43.504180,1,80,2,175
2.191470,43.640500,1,80,2,120
2.538700,43.469940,1,80,1,267
2.087850,43.977520,1,80,2,126
1.927930,43.857280,1,80,1,340
2.185830,43.841590,1,80,1,154
1.730790,43.748490,1,80,2,146
1.999950,44.046440,1,80,1,318
2.279650,43.916490,1,80,1,87
1.759440,43.909150,1,80,1,75
2.224340,43.636330,1,80,2,151
1.988440,43.782270,1,80,2,148
2.308780,43.621560,1,80,1,278
2.170550,43.882040,1,80,2,138
1.896110,43.566490,1,80,2,99
2.208940,43.703080,1,80,2,139
1.219120,43.939740,1,80,2,170
1.417260,44.066770,1,80,2,42
1.231400,44.031000,1,80,2,100
1.731850,44.215540,1,80,2,62
1.283540,44.074720,1,80,2,152
1.092080,44.077750,1,80,2,166
1.314770,43.994670,1,80,2,34
1.025520,43.897320,1,80,2,51
1.357670,43.968740,1,80,2,169
1.506240,44.135780,1,80,2,44
1.205970,43.954580,1,80,2,85
1.581020,44.169030,1,80,2,75
1.187880,44.133090,1,80,1,68
1.467940,43.976600,1,80,2,83
1.291990,43.803800,1,80,2,164
1.440480,43.956450,1,80,2,133
1.305540,43.894260,1,80,2,18
1.321480,43.807440,1,80,1,325
1.463060,44.102950,1,80,1,42
1.516540,44.218620,1,80,1,120
1.011510,44.092200,1,80,2,86
1.166030,44.033600,1,80,1,77
1.196939,43.813048,1,80,2,128
1.384390,43.912210,1,80,2,112
1.516630,44.218550,1,80,2,120
6.048790,43.384770,1,80,2,123
5.811750,43.218330,1,80,2,85
6.086600,43.334840,1,80,1,10
6.549470,43.250530,1,80,2,81
6.484270,43.207220,1,80,2,63
6.485320,43.448010,1,80,2,56
6.589860,43.382180,1,80,1,319
6.610860,43.467260,1,80,2,104
4.997140,43.865300,1,80,2,137
4.976200,44.061590,1,80,2,165
5.215920,43.860790,1,80,2,71
4.946270,43.885640,1,80,2,108
5.146720,43.757240,1,80,1,112
4.947190,44.335200,1,80,2,4
4.950290,44.391880,1,80,2,102
5.019950,43.971430,1,80,1,157
5.027770,43.947280,1,80,2,173
5.039550,43.881430,1,80,1,23
4.797810,44.061770,1,80,1,122
4.877860,44.088440,1,80,2,1
-1.261820,46.928610,1,80,2,130
-1.039510,46.612250,1,80,2,178
-1.776540,46.823530,1,80,1,287
-1.355110,46.615530,1,80,2,129
-0.997580,46.908680,1,80,2,17
-1.432010,46.518760,1,80,2,165
-1.974810,46.822480,1,80,2,75
-1.672340,46.477380,1,80,2,98
-1.350550,46.698510,1,80,1,62
-0.898600,46.487630,1,80,1,300
-1.937560,46.870340,1,80,2,123
-1.447180,46.799010,1,80,2,145
-0.835790,46.428140,1,80,2,41
-1.074160,46.474930,1,80,2,87
-1.459030,46.670630,1,80,2,29
-1.886600,46.923150,1,80,2,1
-1.816820,46.658860,1,80,2,141
-1.417320,46.366460,1,80,1,23
-1.097150,46.754040,1,80,2,151
-1.879840,46.812060,1,80,2,2
-1.758650,46.592100,1,80,1,24
-2.024720,46.947680,1,80,2,28
-1.151610,47.002870,1,80,2,64
0.242620,46.631230,1,80,2,103
0.424970,46.723060,1,80,1,220
0.465400,46.558850,1,80,1,270
0.278080,46.664190,1,80,2,154
0.391700,46.405280,1,80,2,158
0.646250,46.824900,1,80,2,90
0.793160,46.346200,1,80,2,141
0.056870,46.659720,1,80,1,93
0.444730,46.815690,1,80,2,84
0.546210,46.463120,1,80,1,130
0.546980,46.462750,1,80,1,310
0.141680,46.881390,1,80,1,342
0.146070,46.871850,1,80,2,163
0.426120,46.536500,1,80,2,132
1.255300,45.891660,1,80,2,100
1.193720,45.820640,1,80,1,256
0.985490,45.639380,1,80,2,158
1.291230,45.767710,1,80,2,155
0.950170,46.171610,1,80,2,140
1.189740,45.883460,1,80,2,79
6.838480,47.874320,1,80,2,66
6.942580,48.384850,1,80,1,74
6.787150,48.078710,1,80,2,103
6.788530,48.078570,1,80,1,103
6.518340,48.226990,1,80,2,11
6.564180,48.152300,1,80,2,113
6.512730,48.173270,1,80,2,125
6.046930,48.195960,1,80,2,41
6.582430,48.291120,1,80,2,67
3.218300,48.279530,1,80,1,318
3.301880,48.161920,1,80,1,156
3.313780,48.022430,1,80,1,219
3.453620,47.955250,1,80,1,299
3.782070,47.570930,1,80,2,8
3.728550,47.962860,1,80,2,9
3.811260,48.066500,1,80,2,33
3.593980,47.877800,1,80,2,38
3.551150,47.841130,1,80,1,352
3.299550,48.077980,1,80,1,30
3.955370,47.843170,1,80,1,241
3.624760,47.849240,1,80,1,68
3.190240,48.176810,1,80,1,256
3.623030,47.792770,1,80,1,280
4.019300,47.921260,1,80,1,23
3.813080,47.964570,1,80,1,287
3.468240,48.203590,1,80,1,225
3.394640,48.173920,1,80,1,260
3.371540,48.173590,1,80,1,109
3.639340,47.996840,1,80,2,66
6.927870,47.565070,1,80,2,142
6.878210,47.722650,1,80,2,81
6.960540,47.651810,1,80,2,115
2.504100,48.645120,1,80,2,19
1.957460,48.443140,1,80,2,169
2.548530,48.727710,1,80,1,269
2.529500,49.080440,1,80,1,3
1.758690,49.169250,1,80,1,330
2.379120,48.986790,1,80,1,244
55.392040,-20.885740,1,80,1,44
-61.635530,15.989580,1,80,1,346
-60.967490,14.664950,1,80,1,217
-60.977890,14.632190,1,80,1,8
-60.978000,14.632240,1,80,1,188
-52.353800,4.811390,1,80,1,51
-52.328960,4.913870,1,80,1,322
-52.470780,5.010530,1,80,1,309
55.252260,-21.032160,1,80,1,44
-60.981470,14.587250,1,80,1,145
55.501700,-21.302350,1,80,1,54
-61.579880,16.131050,1,80,1,346
-61.581320,16.136630,1,80,1,170
-61.627220,16.260350,1,80,2,95
-61.282890,16.254180,1,80,2,69
-61.287720,16.286020,1,80,1,343
-61.289510,16.291280,1,80,1,163
-61.310190,16.256560,1,80,1,251
-61.314860,16.255090,1,80,1,72
7.213380,43.715580,1,90,1,177
7.230830,43.725560,1,90,1,45
7.158430,43.660640,1,90,1,277
7.251380,43.734450,1,90,1,99
5.378080,43.327950,1,90,1,172
5.347170,43.355680,1,90,1,144
5.404570,43.284310,1,90,1,258
5.029740,43.411460,1,90,1,283
5.353500,43.379900,1,90,1,143
5.346660,43.344350,1,90,1,153
4.970810,43.426610,1,90,1,111
5.191880,43.589470,1,90,1,285
-0.311680,49.174790,1,90,1,309
-0.430170,49.191250,1,90,1,101
0.145590,49.262550,1,90,1,89
2.325810,44.937440,1,90,2,121
2.478310,44.842390,1,90,2,125
2.391940,45.296670,1,90,1,299
2.394290,45.181800,1,90,2,32
2.669630,45.267550,1,90,2,147
0.032710,45.670370,1,90,1,93
0.200640,45.989310,1,90,1,177
-1.139710,46.181500,1,90,1,89
-0.965280,45.910060,1,90,1,2
1.993150,45.365750,1,90,1,35
2.367100,45.470640,1,90,2,48
1.389770,45.483880,1,90,2,7
1.501990,45.463400,1,90,2,120
5.079840,47.316740,1,90,1,10
4.789660,46.981880,1,90,1,23
4.669170,46.935330,1,90,1,123
4.489120,47.147700,1,90,2,12
5.034480,47.385410,1,90,2,3
-3.347340,48.245150,1,90,1,117
-2.744710,48.517000,1,90,1,150
6.808660,47.485560,1,90,1,56
6.184600,47.196123,1,90,1,288
4.890380,44.943980,1,90,1,12
0.709370,49.163170,1,90,1,91
0.768890,49.209120,1,90,1,177
1.096420,49.037200,1,90,1,273
0.960470,48.742140,1,90,1,71
1.965430,48.255760,1,90,1,13
1.396030,48.202240,1,90,1,197
1.374800,48.180730,1,90,1,17
1.937580,48.202780,1,90,1,226
-4.402000,48.391270,1,90,1,325
-4.276160,48.376350,1,90,1,108
4.402080,43.835540,1,90,2,98
4.162790,43.564840,1,90,1,101
4.772420,43.948790,1,90,1,111
4.193970,43.604570,1,90,2,172
4.326520,44.128570,1,90,2,100
4.168430,43.568659,1,90,1,49
1.410410,43.608280,1,90,1,59
1.496200,43.586130,1,90,1,343
1.447670,43.574440,1,90,1,117
1.496660,43.584480,1,90,1,162
1.398780,43.592180,1,90,1,341
1.460400,43.646630,1,90,1,96
1.398610,43.591890,1,90,1,162
1.420850,43.635600,1,90,1,186
1.126790,43.589750,1,90,1,359
-0.631600,44.783380,1,90,1,56
-0.525180,44.880220,1,90,1,48
-0.555400,44.772140,1,90,1,343
-0.642730,44.871120,1,90,1,231
-0.563840,44.885650,1,90,1,291
-0.661390,44.858650,1,90,1,211
-0.501540,44.843990,1,90,1,352
-0.661460,44.803640,1,90,1,130
-0.668470,44.849240,1,90,1,207
-0.602400,44.889430,1,90,1,96
-0.502010,44.844730,1,90,2,167
-0.501770,44.843960,1,90,1,176
-0.502470,44.829360,1,90,1,34
-0.674990,44.826440,1,90,1,352
4.016170,43.672490,1,90,2,61
3.961770,43.560670,1,90,2,148
3.306220,43.382690,1,90,2,55
-1.696920,48.081460,1,90,1,155
-1.627280,48.091880,1,90,1,230
-1.708200,48.132450,1,90,1,213
-1.926830,48.561280,1,90,1,29
-1.914270,48.544710,1,90,1,274
0.707130,47.396110,1,90,1,209
0.713260,47.363920,1,90,1,21
0.649020,47.363210,1,90,1,38
1.487690,47.906320,1,90,2,80
1.206430,47.334010,1,90,2,91
1.312910,47.785660,1,90,2,162
1.277720,47.418310,1,90,2,29
4.377220,45.467360,1,90,1,135
3.906350,45.873710,1,90,1,105
4.252720,45.361720,1,90,1,340
4.151410,45.271270,1,90,1,224
4.150300,45.266600,1,90,1,149
-1.477730,47.253180,1,90,1,163
-1.476670,47.251280,1,90,1,342
-1.483970,47.202110,1,90,1,184
-1.522750,47.165960,1,90,1,214
-1.522890,47.165580,1,90,2,38
-2.292641,47.259547,1,90,1,260
-2.186270,47.322290,1,90,1,253
1.888280,47.940970,1,90,1,174
1.890960,48.108100,1,90,2,11
1.874260,48.044180,1,90,1,182
-0.562750,47.496480,1,90,1,247
-0.595770,47.492263,1,90,1,122
-0.517000,47.463460,1,90,2,4
-0.507770,47.433810,1,90,1,338
-0.420830,47.530010,1,90,1,49
-1.564000,49.556440,1,90,1,333
4.002120,49.254750,1,90,1,280
4.039430,49.234700,1,90,1,143
4.043230,49.279530,1,90,1,307
4.381690,48.970300,1,90,1,339
3.573660,48.728680,1,90,1,250
4.810280,48.520570,1,90,2,16
6.155970,48.737740,1,90,1,334
-2.786000,47.664580,1,90,1,238
6.147560,49.106810,1,90,1,53
6.161840,49.127270,1,90,1,26
6.164670,49.348140,1,90,1,277
6.164620,49.348030,1,90,1,97
6.090780,49.377730,1,90,1,89
6.078000,49.383120,1,90,1,297
6.123440,49.361530,1,90,1,295
6.954890,48.682770,1,90,1,211
2.287060,50.997950,1,90,1,61
2.387510,51.014650,1,90,1,254
3.485470,50.360990,1,90,1,169
3.090890,50.583520,1,90,1,30
3.096180,50.589250,1,90,1,212
3.369060,50.315710,1,90,1,181
3.132760,50.683650,1,90,1,223
2.864090,50.574190,1,90,1,56
3.930160,50.053390,1,90,1,213
3.056930,50.352020,1,90,1,304
2.099810,49.451900,1,90,1,139
2.481910,49.249390,1,90,1,253
2.456140,49.266040,1,90,1,188
-0.707040,48.770280,1,90,2,147
2.839650,50.446380,1,90,1,314
2.848310,50.435040,1,90,1,174
1.882170,50.934560,1,90,1,297
1.873630,50.738360,1,90,1,157
2.132620,50.382610,1,90,2,80
3.216790,45.601700,1,90,1,191
3.149200,45.692850,1,90,2,172
2.987290,42.782130,1,90,1,77
2.926350,42.654330,1,90,1,168
7.728010,48.638350,1,90,1,212
7.727750,48.637920,1,90,1,33
7.730450,48.589140,1,90,1,228
7.756940,48.573190,1,90,1,280
7.345140,48.523500,1,90,2,84
7.658670,48.524580,1,90,1,88
4.830747,45.695202,1,90,1,62
4.801810,45.783280,1,90,1,49
4.860830,45.788060,1,90,1,90
4.772900,45.671850,1,90,1,249
4.976140,45.776940,1,90,1,279
4.971660,45.777460,1,90,1,99
4.934490,45.796010,1,90,1,250
0.172350,47.996690,1,90,1,175
0.172380,48.005820,1,90,1,350
0.178060,47.959400,1,90,1,168
6.622160,45.195960,1,90,1,101
5.919810,45.577540,1,90,1,117
5.936360,45.571970,1,90,1,313
6.380690,45.660110,1,90,1,59
6.393180,45.663090,1,90,1,269
5.942770,45.568050,1,90,1,121
5.907730,45.585300,1,90,1,302
6.082310,45.914880,1,90,2,179
6.762480,45.924610,1,90,1,345
6.433290,46.347080,1,90,1,260
6.114770,45.940030,1,90,1,164
2.456760,48.818540,1,90,1,233
1.046810,49.416740,1,90,1,36
1.056140,49.428290,1,90,1,198
0.994810,49.515000,1,90,1,222
2.603160,48.728050,1,90,1,77
2.813500,48.844520,1,90,1,319
2.604650,48.455920,1,90,1,97
2.604950,48.455950,1,90,1,277
2.988680,48.356500,1,90,1,289
2.683780,48.410330,1,90,1,133
2.961480,48.581580,1,90,1,104
2.947760,48.298630,1,90,1,179
2.508460,48.305190,1,90,2,91
2.755790,48.548620,1,90,2,101
2.567620,48.514290,1,90,2,153
3.398180,48.529340,1,90,2,104
2.019130,48.781090,1,90,1,262
2.090520,48.972150,1,90,1,166
1.755860,48.965040,1,90,1,268
-0.399190,46.340320,1,90,1,261
-0.416350,46.321520,1,90,1,213
1.739220,50.157000,1,90,1,144
2.164750,43.943270,1,90,1,113
2.164890,43.943350,1,90,1,293
1.364470,43.999330,1,90,1,62
1.364720,43.999500,1,90,1,235
5.975910,43.128150,1,90,1,46
6.120100,43.113450,1,90,1,104
6.596420,43.369700,1,90,1,177
6.071820,43.275750,1,90,1,204
6.178440,43.124820,1,90,1,83
4.840770,43.948890,1,90,1,5
4.840610,43.948870,1,90,1,185
0.356020,46.618810,1,90,1,293
1.282640,45.828440,1,90,1,332
6.944640,48.274700,1,90,1,336
2.443620,48.703780,1,90,1,179
2.292310,48.718470,1,90,1,210
2.277430,48.713370,1,90,1,103
2.455940,48.616790,1,90,1,38
2.190180,48.707620,1,90,1,145
2.210660,48.749230,1,90,1,100
2.209270,48.536680,1,90,1,10
2.180530,48.463650,1,90,1,203
2.140980,48.423890,1,90,1,62
2.194350,48.485070,1,90,1,23
2.333390,48.609140,1,90,1,56
2.333270,48.609220,1,90,1,236
2.355240,48.628990,1,90,1,193
2.234580,48.926250,1,90,1,233
2.363450,48.929910,1,90,1,249
2.402850,48.935460,1,90,1,251
2.379195,48.933456,1,90,1,262
2.393750,48.925230,1,90,1,78
2.417140,48.938920,1,90,1,250
2.455280,48.907220,1,90,1,340
2.428770,48.918510,1,90,1,342
2.567590,48.933810,1,90,1,262
2.407580,48.774090,1,90,1,89
2.448530,48.816600,1,90,1,99
2.345650,48.772300,1,90,1,185
2.339340,48.809010,1,90,1,150
2.448700,48.806660,1,90,1,188
2.479380,48.828940,1,90,1,78
2.241480,48.933900,1,90,1,47
2.084880,49.061320,1,90,1,207
2.078680,49.042400,1,90,1,134
2.143160,49.050110,1,90,1,255
2.253860,49.138030,1,90,1,343
2.507560,49.037510,1,90,1,208
2.331960,49.047850,1,90,1,148
2.346180,49.033710,1,90,1,355
2.482140,48.997710,1,90,1,32
2.188730,49.051570,1,90,1,267
2.384890,49.001880,1,90,1,345
-60.976910,14.497050,1,90,1,146
-61.515560,16.219300,1,90,1,285
-61.523410,16.233690,1,90,1,188
-61.561300,16.254200,1,90,1,91
-61.561900,16.254240,1,90,1,271
-60.983540,14.592080,1,90,1,350
-60.982810,14.589580,1,90,1,150
-61.003000,14.605200,1,90,1,329
-61.002700,14.604500,1,90,1,148
5.633310,46.146305,1,110,1,222
5.920930,46.176810,1,110,1,69
3.344980,49.364050,1,110,1,61
3.344900,49.364130,1,110,1,241
5.949380,44.197220,1,110,1,320
7.133470,43.643190,1,110,1,42
7.483480,43.797240,1,110,1,266
7.295760,43.732740,1,110,1,271
4.917150,49.691300,1,110,1,274
4.363490,49.522110,1,110,1,253
5.028850,49.753260,1,110,1,235
4.111860,48.330200,1,110,1,311
4.093450,48.332810,1,110,1,66
4.860140,43.507530,1,110,1,319
5.341760,43.404310,1,110,1,296
-0.226310,48.957870,1,110,1,343
-1.095320,49.314860,1,110,1,19
-0.383040,49.259340,1,110,1,205
-1.007880,48.951820,1,110,1,229
3.136300,45.110710,1,110,1,39
3.135990,45.110620,1,110,1,219
3.202330,45.268780,1,110,1,222
0.148340,45.678520,1,110,1,223
0.100700,45.617180,1,110,1,42
0.100920,45.617550,1,110,1,221
0.148570,45.678540,1,110,1,42
0.184960,45.853720,1,110,1,349
1.513030,45.236040,1,110,1,168
4.957220,47.337100,1,110,1,71
4.756370,47.087710,1,110,1,132
-2.480710,48.446240,1,110,1,337
-3.179470,48.557300,1,110,1,132
-2.376770,48.382940,1,110,1,130
-2.079940,48.456060,1,110,1,230
-2.817360,48.434320,1,110,1,220
-3.276410,48.610500,1,110,1,333
-3.410790,48.549020,1,110,1,83
-2.038760,48.515570,1,110,1,6
-3.112340,48.550630,1,110,1,291
-2.305680,48.417100,1,110,1,267
1.410020,46.213820,1,110,1,56
1.783260,46.197290,1,110,1,284
2.403910,46.285510,1,110,1,223
6.831950,47.506480,1,110,1,243
6.831610,47.506240,1,110,1,61
4.943260,44.939200,1,110,1,351
1.188300,49.086310,1,110,1,181
1.193730,48.993250,1,110,1,349
1.176630,48.868570,1,110,1,355
1.179310,48.853590,1,110,1,174
1.182010,49.138760,1,110,1,354
1.283270,48.745200,1,110,1,290
1.451720,48.751480,1,110,1,258
1.463460,48.507250,1,110,1,166
1.475730,48.416280,1,110,1,270
1.453550,48.751640,1,110,1,75
-3.595240,47.870050,1,110,1,295
-3.991820,48.219710,1,110,1,267
-4.141920,47.971290,1,110,1,44
-3.736970,48.578680,1,110,1,292
-3.737270,48.578660,1,110,1,112
-4.377070,48.452730,1,110,1,61
-3.595380,47.870080,1,110,1,115
-3.870410,48.558230,1,110,1,43
-3.987910,47.968810,1,110,1,287
4.135420,44.043530,1,110,1,112
-0.815590,45.133130,1,110,1,343
3.979250,43.646580,1,110,1,232
3.839730,43.566240,1,110,1,246
3.146750,43.332870,1,110,1,93
-1.962650,48.186970,1,110,1,281
-1.503840,48.105630,1,110,1,111
-1.915920,48.053170,1,110,1,252
-1.432730,48.101700,1,110,1,274
-1.599850,48.011620,1,110,1,333
-1.684860,47.905860,1,110,1,197
-1.680110,48.057450,1,110,1,15
-1.942970,48.043120,1,110,1,71
1.502200,46.605430,1,110,1,227
0.729690,47.415220,1,110,1,194
4.810809,45.589082,1,110,1,285
5.664770,46.841770,1,110,1,286
5.420470,47.086690,1,110,1,300
-1.034980,43.740110,1,110,1,122
-1.122370,43.721120,1,110,1,246
-0.737780,43.851710,1,110,1,62
-0.722070,43.857920,1,110,1,242
-1.228180,43.711850,1,110,1,183
-1.421420,43.582460,1,110,1,20
-1.314410,43.675210,1,110,1,224
-1.650390,47.330210,1,110,1,157
-2.078120,47.440750,1,110,1,139
-1.642990,47.406060,1,110,1,12
-1.540410,47.275070,1,110,1,102
-1.461230,47.679930,1,110,1,69
-1.324280,47.156190,1,110,1,274
-1.744730,47.293600,1,110,1,317
1.858170,47.889930,1,110,1,329
1.460470,44.355190,1,110,2,112
3.280660,44.701270,1,110,1,150
-0.920640,47.054440,1,110,1,159
-1.413440,48.593300,1,110,1,57
-1.407580,48.596110,1,110,1,236
-1.367860,48.665240,1,110,1,328
-1.350440,49.450870,1,110,1,155
-1.083010,48.920720,1,110,1,49
3.906000,48.730140,1,110,1,265
4.747090,48.681340,1,110,1,298
4.224930,48.732330,1,110,1,279
4.224340,48.732370,1,110,1,275
4.864630,48.647740,1,110,1,282
6.332120,48.606520,1,110,1,168
5.916830,48.669520,1,110,1,206
6.233870,48.450010,1,110,1,12
6.093330,48.867200,1,110,1,14
6.109740,48.920960,1,110,1,179
6.242670,48.460690,1,110,1,222
6.093830,48.868800,1,110,1,194
5.425080,48.703440,1,110,1,79
5.338380,48.693090,1,110,1,282
5.065960,48.643170,1,110,1,71
-3.252580,47.788710,1,110,1,279
-2.859870,47.660690,1,110,1,89
-2.415020,47.538320,1,110,1,293
-2.672340,47.637760,1,110,1,292
-2.939510,47.671340,1,110,1,71
-2.616330,47.941040,1,110,1,57
-2.525690,47.950040,1,110,1,298
6.082660,49.317320,1,110,1,89
6.184050,49.150010,1,110,1,173
6.174260,49.272750,1,110,1,170
6.169780,49.052120,1,110,1,68
6.971640,48.700050,1,110,1,263
6.814690,49.138820,1,110,1,304
6.875530,49.166740,1,110,1,223
6.845550,49.154250,1,110,1,71
7.041640,49.140810,1,110,1,22
7.164290,48.751000,1,110,1,85
3.139880,47.038720,1,110,1,344
3.854300,50.295760,1,110,1,94
2.945570,50.604010,1,110,1,220
3.506370,50.338060,1,110,1,284
3.506250,50.337920,1,110,1,105
3.123450,50.711870,1,110,1,7
2.395460,50.970130,1,110,1,331
2.937120,50.640150,1,110,1,317
3.603820,50.319820,1,110,1,138
2.542680,49.226600,1,110,1,142
2.546130,49.224030,1,110,1,321
2.452970,49.305470,1,110,1,185
2.732690,49.087760,1,110,1,19
2.810470,49.431090,1,110,1,50
0.345160,48.509850,1,110,1,94
2.875160,50.328390,1,110,1,237
2.831810,50.466840,1,110,1,7
1.708290,50.734960,1,110,1,293
1.873160,50.386220,1,110,1,276
2.313390,50.366910,1,110,1,251
3.016780,50.424180,1,110,1,97
3.115160,45.854160,1,110,1,205
3.152330,45.716480,1,110,1,12
3.640830,45.874900,1,110,1,308
0.311530,43.139640,1,110,1,332
3.030240,42.802110,1,110,1,19
2.826930,42.689880,1,110,1,80
2.984560,42.607910,1,110,1,12
2.987030,42.706690,1,110,1,99
3.027150,42.538020,1,110,1,293
2.887390,42.739640,1,110,1,209
7.625260,48.401550,1,110,1,41
7.368520,48.145930,1,110,1,193
7.226200,47.772740,1,110,1,108
7.308420,47.798490,1,110,1,148
7.401458,48.210593,1,110,1,187
7.362870,47.773510,1,110,1,104
7.308310,47.958490,1,110,1,9
7.368520,48.145430,1,110,1,13
7.308340,47.958390,1,110,1,190
7.362858,47.773491,1,110,1,285
5.731920,45.557610,1,110,1,277
5.823900,45.578220,1,110,1,103
5.804170,45.579720,1,110,1,100
6.150300,46.148910,1,110,1,25
6.088360,46.085830,1,110,1,15
6.080870,46.049580,1,110,1,174
5.905840,46.075900,1,110,1,213
1.082790,49.354860,1,110,1,26
1.027720,49.472800,1,110,1,125
2.612930,48.768240,1,110,1,169
2.637890,48.579050,1,110,1,174
2.642350,48.831410,1,110,1,264
2.554210,48.618330,1,110,1,301
2.554110,48.618310,1,110,1,121
2.526430,48.631830,1,110,1,83
1.626840,48.788560,1,110,1,38
2.189230,48.779810,1,110,2,96
2.070540,48.790220,1,110,1,221
1.772800,48.798500,1,110,1,78
2.213400,48.778060,1,110,1,96
2.005260,48.903810,1,110,1,1
2.085210,48.833070,1,110,1,40
-0.396710,46.340510,1,110,1,81
-0.807660,46.972270,1,110,1,312
2.677200,49.743410,1,110,1,107
1.795890,50.121790,1,110,1,192
2.328500,49.923490,1,110,1,115
5.898070,43.125580,1,110,1,113
6.041570,43.137730,1,110,1,315
-1.430710,46.761800,1,110,1,0
-1.430840,46.759160,1,110,1,180
1.337780,46.004610,1,110,1,176
1.276190,45.850050,1,110,1,175
6.486060,48.158810,1,110,1,194
6.894170,48.335080,1,110,1,153
6.314190,48.340900,1,110,1,149
6.587160,48.054610,1,110,1,222
6.862200,47.624250,1,110,1,209
6.856330,47.601450,1,110,1,10
2.342860,48.673890,1,110,1,322
2.146850,48.635010,1,110,1,219
2.153480,48.639880,1,110,1,44
2.308350,48.713380,1,110,1,194
2.360350,48.625610,1,110,1,275
2.154190,48.832300,1,110,1,92
2.451070,48.951460,1,110,1,51
2.545910,48.962110,1,110,1,244
2.510140,48.967570,1,110,1,114
2.233700,48.977050,1,110,1,124
2.282300,49.059650,1,110,1,133
2.245520,49.071190,1,110,1,311
2.358440,49.061030,1,110,1,65
2.487240,49.035570,1,110,1,328
2.473310,48.977260,1,110,1,275
2.145710,49.015070,1,110,1,316
55.548370,-20.902580,1,110,1,95
55.425700,-21.302120,1,110,1,318
-61.601890,16.210610,1,110,1,21
-61.589750,16.234570,1,110,1,202
2.803700,46.355470,1,130,1,112
1.630940,43.197620,1,130,1,20
4.324970,48.169880,1,130,1,290
4.174380,48.656180,1,130,1,350
4.160520,48.364400,1,130,1,166
3.895060,48.273050,1,130,1,90
4.616650,48.142180,1,130,1,131
2.369450,43.192510,1,130,1,278
2.415130,43.191870,1,130,1,53
3.067180,43.190720,1,130,1,230
2.778510,43.170300,1,130,1,90
3.170310,45.175550,1,130,1,52
2.275050,47.075700,1,130,1,137
2.165380,47.188570,1,130,1,317
1.868400,47.099130,1,130,1,59
2.044480,45.432460,1,130,1,26
1.897080,45.335790,1,130,1,222
1.573600,45.372110,1,130,1,6
2.339470,45.527360,1,130,1,256
4.502790,47.302960,1,130,1,168
4.503170,47.302850,1,130,1,348
5.178930,47.644810,1,130,1,182
0.483080,45.097700,1,130,1,40
6.474460,47.406730,1,130,1,65
4.793830,44.605110,1,130,1,173
1.120830,49.297680,1,130,1,345
0.513810,49.390260,1,130,1,230
0.830130,48.192440,1,130,1,274
0.830520,48.192260,1,130,1,94
1.853070,48.265860,1,130,1,11
1.852650,48.265290,1,130,1,190
4.299410,43.788590,1,130,1,38
4.299390,43.788530,1,130,1,216
4.602870,43.936300,1,130,1,232
4.461710,43.737200,1,130,1,130
0.975450,43.173510,1,130,1,218
0.975270,43.173050,1,130,1,26
1.568350,43.700050,1,130,1,1
-0.431970,44.977520,1,130,1,205
-0.704470,44.744550,1,130,1,231
3.458340,43.389110,1,130,1,224
3.693840,43.629240,1,130,1,106
3.651240,43.475530,1,130,1,55
1.623000,46.817020,1,130,1,216
1.475150,46.428500,1,130,1,207
1.627720,46.750710,1,130,1,32
0.598960,47.117520,1,130,1,216
5.400980,45.469680,1,130,1,342
5.491860,45.371010,1,130,1,108
5.387180,45.173650,1,130,1,232
-1.083900,43.942490,1,130,1,45
-0.973300,44.140000,1,130,1,39
-1.117290,43.917050,1,130,1,30
1.537890,47.747210,1,130,1,225
-1.472880,47.100020,1,130,1,313
1.854520,47.994320,1,130,1,159
1.568960,47.767940,1,130,1,53
1.512090,44.570870,1,130,1,176
0.279630,44.266360,1,130,1,154
-0.067750,47.344540,1,130,1,134
-0.826090,47.116120,1,130,1,189
-1.295430,48.735130,1,130,1,195
5.194597,47.735510,1,130,1,5
-0.463820,48.051720,1,130,1,283
5.235670,49.090630,1,130,1,105
3.406710,50.419930,1,130,1,317
3.358070,50.289920,1,130,1,219
2.746500,50.721060,1,130,1,115
2.746720,50.721020,1,130,1,294
3.040910,50.523100,1,130,1,25
2.201960,49.574410,1,130,1,23
2.727290,49.541180,1,130,1,194
2.727370,49.541040,1,130,1,14
2.642320,49.222980,1,130,1,236
0.175980,48.561120,1,130,1,174
0.162260,48.533600,1,130,1,17
0.318700,48.783590,1,130,1,214
1.740200,50.864030,1,130,1,44
1.724060,50.850560,1,130,1,220
3.255400,45.497470,1,130,1,38
7.557580,48.492640,1,130,1,24
7.775500,48.677640,1,130,1,82
7.371870,47.971290,1,130,1,193
7.526610,47.607630,1,130,1,318
4.733010,46.003890,1,130,1,160
4.880270,46.466350,1,130,1,25
4.879380,46.465460,1,130,1,204
4.835680,46.734080,1,130,2,171
0.239360,48.057570,1,130,1,100
6.064260,45.495580,1,130,1,256
5.897040,45.616260,1,130,1,193
1.744880,49.780550,1,130,1,71
1.486400,49.785850,1,130,1,233
2.515250,48.478430,1,130,1,162
2.515440,48.478440,1,130,1,342
-0.367580,46.384640,1,130,1,146
2.854960,49.958300,1,130,1,8
1.683540,49.984790,1,130,1,31
2.852200,49.942980,1,130,1,186
2.415690,49.857380,1,130,1,278
0.880030,44.055840,1,130,1,277
4.734860,44.195240,1,130,1,125
4.889580,44.017020,1,130,1,172
0.519570,46.825580,1,130,1,18
0.351770,46.630870,1,130,1,9
5.730170,48.176260,1,130,1,242
5.707070,48.163800,1,130,1,50
3.731480,47.739040,1,130,1,325
