X,Y,TYPE,SPEED,DIRTYPE,DIRECTION
5.862300,46.064450,13,0,1,233
2.776510,43.202260,13,0,1,1
4.595110,44.087590,13,0,1,315
1.482860,43.859460,13,0,1,55
-1.702400,48.216530,13,0,1,265
0.172930,47.211150,13,0,1,27
-0.919850,43.797090,13,0,1,256
-0.920050,43.798660,13,0,1,291
-0.920100,43.799200,13,0,1,304
-0.760990,43.841440,13,0,1,173
-0.761990,43.843640,13,0,1,135
-0.760160,43.844170,13,0,1,312
-0.722840,43.856350,13,0,1,160
-0.667290,43.863810,13,0,1,138
1.957730,47.868260,13,0,2,15
3.422440,50.125800,13,0,2,109
3.578630,50.336350,13,0,1,3
-0.765030,43.479760,13,0,1,115
7.348030,48.073720,13,0,1,6
2.987980,48.835830,13,0,2,343
3.024080,48.761150,13,0,2,320
2.395210,43.497570,13,0,1,11
2.408470,43.501160,13,0,1,75
1.592450,43.915410,13,0,1,330
2.207860,43.955080,13,0,1,100
2.167260,43.961450,13,0,1,155
1.124440,43.994000,13,0,1,127
1.124640,43.994130,13,0,1,293
7.118310,43.561660,13,30,1,210
1.852680,42.931270,13,30,1,140
1.647540,43.080110,13,30,1,10
1.636680,43.153290,13,30,1,15
1.636670,43.153330,13,30,1,170
1.599790,43.162430,13,30,1,160
4.071470,48.304090,13,30,1,140
2.762790,43.197540,13,30,1,300
3.074780,44.105980,13,30,1,83
3.081890,44.111130,13,30,1,70
2.029350,44.349420,13,30,1,205
4.343940,43.729110,13,30,0,0
0.575620,43.081820,13,30,1,349
1.322480,43.324340,13,30,1,85
1.484580,43.353750,13,30,1,125
1.623360,43.356100,13,30,1,175
1.623930,43.359240,13,30,1,270
1.752110,43.424510,13,30,1,320
1.497140,43.518260,13,30,1,61
1.397800,43.677500,13,30,1,155
1.392560,43.677920,13,30,1,40
1.611610,43.798200,13,30,1,45
1.606600,43.800150,13,30,1,10
1.085900,43.613300,13,30,1,28
1.078500,43.613750,13,30,1,325
0.587140,43.629530,13,30,1,11
0.589760,43.642380,13,30,1,180
0.589790,43.642380,13,30,1,275
0.085760,43.946660,13,30,1,338
3.453980,43.285660,13,30,1,296
3.228430,43.343970,13,30,1,24
3.244750,43.348050,13,30,1,145
3.243740,43.352720,13,30,1,321
3.527380,43.359200,13,30,1,308
3.103360,43.383500,13,30,1,334
3.601890,43.424100,13,30,1,247
3.601300,43.425070,13,30,1,92
3.262550,43.439800,13,30,1,222
3.263570,43.440600,13,30,1,0
3.799320,43.486070,13,30,1,123
3.796360,43.480630,13,30,1,56
3.330340,43.532010,13,30,1,255
-0.992340,43.676590,13,30,1,79
-1.008150,43.696450,13,30,1,283
-1.023250,43.702950,13,30,1,197
-1.052920,43.725440,13,30,1,98
-1.057390,43.725620,13,30,1,325
-1.052750,43.726650,13,30,1,99
-1.055970,43.727050,13,30,1,286
-0.939410,43.782220,13,30,1,185
-0.812440,43.833770,13,30,1,42
-0.812410,43.833880,13,30,1,198
-0.811930,43.833880,13,30,1,161
-0.333040,44.025450,13,30,1,223
2.020870,44.611260,13,30,1,180
0.336810,44.138450,13,30,1,262
0.604200,44.193510,13,30,1,242
6.225040,48.748080,13,30,1,134
6.169770,49.097530,13,30,1,242
3.284860,50.355230,13,30,1,153
-0.613400,43.168150,13,30,1,260
-0.611940,43.181950,13,30,1,69
-0.613500,43.185210,13,30,1,338
-0.116690,43.188730,13,30,1,263
-0.116980,43.189310,13,30,1,257
-0.265110,43.268290,13,30,1,210
-0.313030,43.280310,13,30,1,176
-0.339540,43.280780,13,30,1,130
-0.352490,43.291180,13,30,1,352
-0.348430,43.291390,13,30,1,92
-0.359650,43.298330,13,30,1,167
-0.365140,43.303600,13,30,1,1
-0.380260,43.308790,13,30,1,265
-0.428570,43.324610,13,30,1,257
-0.425890,43.326700,13,30,1,42
-0.262910,43.327480,13,30,1,137
-1.034540,43.328740,13,30,1,226
-0.403840,43.330710,13,30,1,38
-0.405130,43.330830,13,30,1,60
-0.404950,43.330930,13,30,1,210
-0.408900,43.331180,13,30,1,10
-0.434520,43.333290,13,30,1,170
-0.970790,43.380830,13,30,1,67
-0.533790,43.513370,13,30,1,132
-0.038470,43.097300,13,30,1,198
-0.053160,43.100130,13,30,1,138
-0.069930,43.109360,13,30,1,45
0.061360,43.218590,13,30,1,120
0.000090,43.230530,13,30,1,294
0.000060,43.230960,13,30,1,98
0.000590,43.232240,13,30,1,113
2.974390,42.597480,13,30,1,60
2.372850,43.488470,13,30,1,246
2.402320,43.500720,13,30,1,131
2.407620,43.503030,13,30,1,16
2.048960,43.642650,13,30,1,292
1.687970,43.772500,13,30,1,270
1.726820,43.825550,13,30,1,15
2.170600,43.892290,13,30,1,359
2.158860,43.893340,13,30,1,225
2.167530,43.916060,13,30,1,210
2.147690,43.923620,13,30,1,280
2.151190,43.926590,13,30,1,350
2.146430,43.933220,13,30,1,85
2.161120,43.935180,13,30,1,150
2.161950,43.935590,13,30,1,150
2.179120,43.935700,13,30,1,345
2.164600,43.936620,13,30,1,210
2.170890,43.952750,13,30,1,120
2.211480,43.953890,13,30,1,105
2.170050,43.956650,13,30,1,210
2.404160,44.019650,13,30,1,60
2.168380,44.101400,13,30,1,70
1.236850,43.850810,13,30,1,247
0.984820,43.885310,13,30,1,135
1.430130,43.963420,13,30,1,20
1.339330,43.968090,13,30,1,70
1.241050,44.125430,13,30,1,335
1.546480,44.157930,13,30,1,224
1.545530,44.158340,13,30,1,146
1.616550,44.176240,13,30,1,159
6.528090,43.171460,13,30,1,245
2.524400,48.919000,13,30,1,123
2.524520,48.918980,13,30,1,303
3.183850,42.261490,13,40,1,40
3.180850,42.262220,13,40,1,310
3.182950,42.262270,13,40,1,140
3.183290,42.262420,13,40,1,45
3.181350,42.262670,13,40,1,320
3.181630,42.263130,13,40,1,130
4.085750,49.046840,13,45,1,60
5.831320,46.108090,13,50,1,286
6.057460,46.335680,13,50,1,236
3.457900,49.800950,13,50,1,61
3.332960,49.397400,13,50,1,139
3.403950,46.311400,13,50,1,200
3.514270,46.257680,13,50,1,183
6.366370,43.951820,13,50,1,317
7.137160,43.561080,13,50,1,195
7.117080,43.565530,13,50,1,350
7.115970,43.566200,13,50,1,250
7.115750,43.566300,13,50,1,125
7.098320,43.577760,13,50,1,110
7.107120,43.578110,13,50,1,1
7.113310,43.578460,13,50,1,180
7.112000,43.578550,13,50,1,15
7.120130,43.596290,13,50,1,280
7.127980,43.627980,13,50,1,275
7.128900,43.629860,13,50,1,140
7.130940,43.633230,13,50,1,300
6.864870,43.637030,13,50,1,330
6.862240,43.637490,13,50,1,180
6.884420,43.638560,13,50,1,210
7.138850,43.642100,13,50,1,30
6.883100,43.642760,13,50,1,80
6.883250,43.642880,13,50,1,250
7.139540,43.643040,13,50,1,330
7.139540,43.643040,13,50,1,150
7.140310,43.643360,13,50,1,330
7.141000,43.643700,13,50,1,330
4.403210,45.003000,13,50,1,280
1.600330,42.846070,13,50,1,60
1.758010,42.917070,13,50,1,80
1.830200,42.919140,13,50,1,315
1.830820,42.919680,13,50,1,175
1.871010,42.923050,13,50,1,180
1.864000,42.925650,13,50,1,200
1.635930,42.925820,13,50,1,320
1.840130,42.926770,13,50,1,170
1.859150,42.928130,13,50,1,210
1.858460,42.928340,13,50,1,35
1.857960,42.928670,13,50,1,35
1.842940,42.928880,13,50,1,305
1.844800,42.930410,13,50,1,320
1.852990,42.931010,13,50,1,30
1.847000,42.932110,13,50,1,130
1.852310,42.937830,13,50,1,120
1.852790,42.938410,13,50,1,150
1.856170,42.942500,13,50,1,70
1.234730,43.000400,13,50,1,200
1.610670,43.012600,13,50,1,80
1.021580,43.031410,13,50,1,185
1.537240,43.038550,13,50,1,25
1.537280,43.038600,13,50,1,215
1.720300,43.093430,13,50,1,345
1.443610,43.102050,13,50,1,200
1.441700,43.102960,13,50,1,160
1.349100,43.270740,13,50,1,80
4.069500,48.303560,13,50,1,230
3.184900,42.259760,13,50,1,280
3.184730,42.260230,13,50,1,280
3.184600,42.260530,13,50,1,300
3.202910,42.335590,13,50,1,300
2.225790,42.827290,13,50,1,255
2.248900,42.940000,13,50,1,180
3.060320,43.011830,13,50,1,165
3.062000,43.012240,13,50,1,160
3.047950,43.018590,13,50,1,210
3.051540,43.019740,13,50,1,15
3.049200,43.020480,13,50,1,30
3.047300,43.021560,13,50,1,30
3.039570,43.022580,13,50,1,310
3.039930,43.022920,13,50,1,300
3.041640,43.023390,13,50,1,30
3.040500,43.023530,13,50,1,300
3.040950,43.023550,13,50,1,30
2.219920,43.049320,13,50,1,210
2.226500,43.065400,13,50,1,135
3.089600,43.103980,13,50,1,150
3.094840,43.104650,13,50,1,1
2.987260,43.169930,13,50,1,20
2.981190,43.171410,13,50,1,20
3.003530,43.175540,13,50,1,105
3.003560,43.176040,13,50,1,105
3.005420,43.176470,13,50,1,45
3.005780,43.176880,13,50,1,300
2.997940,43.177190,13,50,1,110
2.996270,43.177640,13,50,1,20
2.995810,43.177760,13,50,1,20
3.006500,43.179520,13,50,1,285
3.009270,43.191920,13,50,1,110
3.012380,43.196210,13,50,1,285
2.761950,43.196650,13,50,1,15
2.762040,43.196780,13,50,1,310
3.013760,43.197390,13,50,1,285
2.749910,43.199800,13,50,1,255
2.750480,43.200610,13,50,1,280
3.062210,43.231910,13,50,1,210
3.063920,43.233800,13,50,1,135
3.061400,43.233890,13,50,1,15
3.056900,43.236160,13,50,1,60
3.064140,43.236240,13,50,1,95
2.109550,43.240430,13,50,1,80
2.109870,43.240520,13,50,1,300
2.414920,43.258410,13,50,1,300
2.519630,43.275500,13,50,1,230
2.442520,43.289160,13,50,1,1
2.910350,43.305070,13,50,1,355
1.947320,43.317630,13,50,1,150
1.943730,43.318580,13,50,1,30
2.603490,43.884870,13,50,1,60
2.833890,43.946650,13,50,1,100
2.838010,43.946800,13,50,1,295
2.803370,43.947720,13,50,1,45
2.851680,43.958160,13,50,1,110
2.963300,44.009280,13,50,1,20
2.963170,44.010080,13,50,1,168
2.538120,44.031420,13,50,1,200
2.530610,44.034390,13,50,1,40
2.983520,44.063970,13,50,1,184
2.706400,44.079220,13,50,1,200
2.703790,44.087590,13,50,1,55
3.086170,44.088210,13,50,1,110
3.065600,44.088250,13,50,1,280
3.066080,44.088630,13,50,1,280
3.082010,44.094220,13,50,1,330
3.067960,44.094850,13,50,1,94
3.069510,44.096060,13,50,1,134
3.070460,44.096210,13,50,1,44
3.070290,44.096550,13,50,1,117
3.065060,44.097270,13,50,1,180
3.104400,44.100700,13,50,1,252
3.084740,44.103370,13,50,1,49
3.084140,44.105580,13,50,1,80
3.080500,44.105670,13,50,1,273
3.081300,44.109110,13,50,1,107
3.082050,44.111740,13,50,1,101
2.336660,44.154790,13,50,1,350
2.531060,44.170220,13,50,1,210
2.571470,44.181730,13,50,1,30
2.565800,44.182960,13,50,1,25
2.365200,44.186420,13,50,1,125
2.365430,44.186460,13,50,1,345
2.037130,44.193010,13,50,1,101
2.203130,44.220300,13,50,1,80
2.203040,44.220360,13,50,1,148
2.038900,44.228720,13,50,1,20
2.413750,44.231570,13,50,1,75
2.414310,44.232490,13,50,1,260
2.023360,44.327410,13,50,1,80
2.033220,44.334050,13,50,1,95
2.034790,44.342550,13,50,1,179
2.032180,44.342740,13,50,1,277
2.567000,44.342930,13,50,1,150
2.036000,44.345040,13,50,1,12
2.025980,44.345570,13,50,1,180
2.568990,44.353060,13,50,1,320
2.039240,44.357990,13,50,1,239
2.039220,44.358720,13,50,1,115
2.019540,44.359450,13,50,1,326
2.600220,44.361630,13,50,1,60
2.603230,44.361930,13,50,1,180
2.597100,44.362440,13,50,1,180
1.927480,44.374740,13,50,1,340
1.924370,44.376700,13,50,1,260
2.161410,44.425020,13,50,1,310
2.075410,44.566390,13,50,1,257
2.081500,44.563170,13,50,1,128
2.079130,44.563960,13,50,1,207
2.082500,44.564500,13,50,1,111
2.077850,44.564740,13,50,1,317
2.077770,44.564850,13,50,1,121
2.077930,44.564950,13,50,1,231
2.082900,44.565290,13,50,1,112
2.083200,44.565650,13,50,1,311
2.083470,44.566260,13,50,1,314
2.078140,44.566760,13,50,1,293
2.078080,44.567170,13,50,1,267
2.083420,44.567480,13,50,1,269
2.081080,44.567680,13,50,1,9
2.082510,44.567770,13,50,1,340
2.080890,44.567820,13,50,1,185
2.080140,44.567890,13,50,1,357
2.078020,44.567940,13,50,1,98
2.083180,44.567970,13,50,1,74
2.083400,44.568050,13,50,1,263
2.078220,44.568560,13,50,1,280
2.074530,44.569280,13,50,1,282
2.073190,44.569390,13,50,1,275
2.074710,44.571080,13,50,1,199
2.079150,44.571570,13,50,1,101
2.079350,44.572100,13,50,1,99
2.079550,44.572300,13,50,1,287
2.079750,44.573030,13,50,1,280
2.079920,44.573400,13,50,1,293
2.073290,44.574930,13,50,1,285
2.085720,44.575630,13,50,1,36
2.086640,44.575850,13,50,1,324
2.081530,44.575880,13,50,1,189
2.075980,44.575980,13,50,1,21
2.086610,44.575980,13,50,1,142
2.074810,44.577520,13,50,1,116
-3.124920,48.553440,13,50,0,0
3.951650,43.940860,13,50,1,104
4.556390,44.102960,13,50,1,275
4.649190,44.103670,13,50,1,80
1.979580,43.453970,13,50,1,360
0.656580,42.932570,13,50,1,166
0.584860,43.074910,13,50,1,48
0.584840,43.075390,13,50,1,284
0.583640,43.077420,13,50,1,240
0.579670,43.079420,13,50,1,18
0.574780,43.081440,13,50,1,95
0.575100,43.083570,13,50,1,238
0.574040,43.084390,13,50,1,76
0.574250,43.084400,13,50,1,284
0.561200,43.085040,13,50,1,67
0.563290,43.085530,13,50,1,259
0.562980,43.086060,13,50,1,256
0.568480,43.087520,13,50,1,198
0.568900,43.089650,13,50,1,269
0.931400,43.137840,13,50,1,75
0.930070,43.142220,13,50,1,160
0.929870,43.142630,13,50,1,160
0.815510,43.180440,13,50,1,200
0.876010,43.221540,13,50,1,215
1.627480,43.276280,13,50,1,320
1.633250,43.287900,13,50,1,300
1.635820,43.336030,13,50,1,330
1.466970,43.357120,13,50,1,310
1.347900,43.385760,13,50,1,320
1.689230,43.380260,13,50,1,310
1.684110,43.380720,13,50,1,210
1.691080,43.391390,13,50,1,320
1.717410,43.397360,13,50,1,230
1.708050,43.398550,13,50,1,150
1.718940,43.398580,13,50,1,150
1.722570,43.402090,13,50,1,120
1.716810,43.404300,13,50,1,300
1.712010,43.408000,13,50,1,300
1.749670,43.423730,13,50,1,125
1.755970,43.424700,13,50,1,270
1.780040,43.437000,13,50,1,115
1.504820,43.512090,13,50,1,175
1.480730,43.512760,13,50,1,115
1.497760,43.516810,13,50,1,121
1.397960,43.518600,13,50,1,30
1.399300,43.519310,13,50,1,320
1.399970,43.523500,13,50,1,30
1.496900,43.523820,13,50,1,331
1.276850,43.558280,13,50,1,150
1.276480,43.558730,13,50,1,240
1.324960,43.578760,13,50,1,330
1.364600,43.559360,13,50,1,180
1.301280,43.559930,13,50,1,45
1.292730,43.561400,13,50,1,160
1.300170,43.566900,13,50,1,330
1.299640,43.567460,13,50,1,330
1.298000,43.569980,13,50,1,330
1.294160,43.570270,13,50,1,60
1.297280,43.571310,13,50,1,340
1.322890,43.578330,13,50,1,320
1.332310,43.581820,13,50,1,330
1.333210,43.582290,13,50,1,145
1.334600,43.582860,13,50,1,340
1.512970,43.583340,13,50,1,301
1.338380,43.583760,13,50,1,205
1.334460,43.585520,13,50,1,140
1.335440,43.587210,13,50,1,220
1.342030,43.587760,13,50,1,210
1.721380,43.588580,13,50,1,245
1.645360,43.591960,13,50,1,300
1.484220,43.595120,13,50,1,324
1.491250,43.655900,13,50,1,235
1.396300,43.676170,13,50,1,205
1.396820,43.677010,13,50,1,135
1.392540,43.678040,13,50,1,250
1.394810,43.678760,13,50,1,140
1.380040,43.679320,13,50,1,40
1.381820,43.679980,13,50,1,160
1.385750,43.680480,13,50,1,80
1.384000,43.682960,13,50,1,40
1.381540,43.684710,13,50,1,40
1.366340,43.742600,13,50,1,85
1.611650,43.798340,13,50,1,240
1.572240,43.812410,13,50,1,30
0.472120,43.377740,13,50,1,101
0.472250,43.377760,13,50,1,263
0.727680,43.422930,13,50,1,260
0.727330,43.423820,13,50,1,80
0.469230,43.428510,13,50,1,67
0.469380,43.428620,13,50,1,272
0.737140,43.449970,13,50,1,150
0.734000,43.450750,13,50,1,245
0.523220,43.472940,13,50,1,279
0.806750,43.473660,13,50,1,70
0.808750,43.475240,13,50,1,120
0.927460,43.489250,13,50,1,125
0.928100,43.497520,13,50,1,45
0.927190,43.498670,13,50,1,40
0.407320,43.515160,13,50,1,184
0.412450,43.515920,13,50,1,331
0.877830,43.542900,13,50,1,1
1.147070,43.580030,13,50,1,318
1.148980,43.580970,13,50,1,115
1.079180,43.610440,13,50,1,55
1.084620,43.611140,13,50,1,21
1.084630,43.611290,13,50,1,203
1.080850,43.611670,13,50,1,33
1.080070,43.612160,13,50,1,149
1.078950,43.612450,13,50,1,219
1.085650,43.613420,13,50,1,160
1.081540,43.613950,13,50,1,21
1.073490,43.614590,13,50,1,223
1.080150,43.616400,13,50,1,170
1.083330,43.616880,13,50,1,328
0.587070,43.629770,13,50,1,192
0.587270,43.630090,13,50,1,229
0.587660,43.632130,13,50,1,110
0.588380,43.633530,13,50,1,296
0.589150,43.635350,13,50,1,288
-0.022280,43.640230,13,50,1,221
0.589630,43.641750,13,50,1,58
0.592320,43.642260,13,50,1,270
0.588650,43.643390,13,50,1,180
0.595950,43.644710,13,50,1,105
0.582270,43.645410,13,50,1,105
0.576160,43.651350,13,50,1,179
0.587370,43.652050,13,50,1,254
0.616250,43.655290,13,50,1,356
-0.142020,43.679380,13,50,1,17
-0.143790,43.679670,13,50,1,201
0.728760,43.693260,13,50,1,351
0.730120,43.693600,13,50,1,355
-0.232960,43.699940,13,50,1,329
-0.234190,43.702200,13,50,1,197
-0.234050,43.702820,13,50,1,199
-0.236530,43.702840,13,50,1,197
-0.237510,43.703080,13,50,1,198
-0.241400,43.703910,13,50,1,18
-0.235110,43.705770,13,50,1,194
-0.234840,43.705830,13,50,1,293
0.379700,43.723780,13,50,1,1
0.379610,43.723960,13,50,1,173
0.885850,43.727500,13,50,1,339
0.877740,43.727780,13,50,1,358
0.883190,43.728280,13,50,1,209
0.878090,43.729740,13,50,1,57
0.879230,43.729820,13,50,1,189
0.878170,43.730330,13,50,1,310
0.879130,43.731450,13,50,1,125
0.879360,43.731540,13,50,1,1
0.880800,43.733340,13,50,1,280
0.307490,43.754900,13,50,1,178
0.300470,43.755410,13,50,1,8
0.297310,43.755520,13,50,1,348
0.302570,43.755730,13,50,1,199
0.308090,43.757360,13,50,1,193
0.305290,43.757890,13,50,1,188
0.298070,43.757990,13,50,1,176
0.303610,43.758100,13,50,1,5
0.298960,43.758560,13,50,1,202
0.166880,43.765240,13,50,1,43
0.897530,43.805230,13,50,1,115
0.103670,43.861130,13,50,1,324
-0.059490,43.934540,13,50,1,156
0.093760,43.944710,13,50,1,147
0.208750,43.950350,13,50,1,88
0.363000,43.950440,13,50,1,111
0.363260,43.950760,13,50,1,272
0.372500,43.951000,13,50,1,207
0.363230,43.951110,13,50,1,108
0.359500,43.951580,13,50,1,248
0.360260,43.951890,13,50,1,291
0.358690,43.952070,13,50,1,314
0.377240,43.952180,13,50,1,232
0.359470,43.952510,13,50,1,340
-0.039290,43.952910,13,50,1,198
0.379890,43.956440,13,50,1,38
0.376050,43.956740,13,50,1,310
0.369440,43.957540,13,50,1,52
0.369350,43.957660,13,50,1,306
0.367900,43.959120,13,50,1,284
0.361810,43.962070,13,50,1,17
0.358880,43.963030,13,50,1,31
0.480790,44.041190,13,50,1,297
-0.260400,44.291660,13,50,1,292
-0.261750,44.291940,13,50,1,288
-0.261870,44.292030,13,50,1,131
3.840090,43.609330,13,50,0,0
3.278620,43.239720,13,50,1,150
3.275970,43.239820,13,50,1,320
3.281890,43.241100,13,50,1,150
3.280770,43.244450,13,50,1,150
3.280240,43.246650,13,50,1,65
3.282090,43.247410,13,50,1,130
3.284010,43.248230,13,50,1,55
3.286600,43.249350,13,50,1,230
3.286140,43.249420,13,50,1,200
3.295820,43.252100,13,50,1,200
3.285980,43.255360,13,50,1,55
3.298520,43.255700,13,50,1,30
3.284060,43.262140,13,50,1,80
3.283700,43.275500,13,50,1,80
3.282950,43.279130,13,50,1,120
3.453520,43.283230,13,50,1,108
3.453660,43.284060,13,50,1,292
3.453840,43.286260,13,50,1,137
3.454410,43.288130,13,50,1,310
3.454580,43.289000,13,50,1,107
3.455240,43.280380,13,50,1,124
3.120330,43.291840,13,50,1,103
3.265890,43.292100,13,50,1,20
3.456860,43.292520,13,50,1,292
3.258800,43.295380,13,50,1,10
3.255590,43.296590,13,50,1,20
3.419820,43.310950,13,50,1,344
3.420550,43.311340,13,50,1,320
3.415700,43.311460,13,50,1,88
3.420730,43.311700,13,50,1,282
3.416320,43.312070,13,50,1,99
3.416490,43.312100,13,50,1,255
3.420810,43.312100,13,50,1,263
2.956130,43.312270,13,50,1,341
2.956100,43.312410,13,50,1,198
3.416710,43.313130,13,50,1,305
3.419800,43.313900,13,50,1,312
3.422830,43.313940,13,50,1,0
3.245010,43.331100,13,50,1,44
3.236850,43.331840,13,50,1,218
3.238020,43.333030,13,50,1,312
3.224450,43.333050,13,50,1,294
3.206630,43.336400,13,50,1,83
3.245090,43.336630,13,50,1,306
3.242580,43.337000,13,50,1,31
3.180210,43.340500,13,50,1,1
2.960420,43.343430,13,50,1,300
2.960300,43.343460,13,50,1,17
3.220620,43.343550,13,50,1,91
3.226290,43.343740,13,50,1,171
2.964870,43.344250,13,50,1,226
3.209560,43.344600,13,50,1,273
2.965390,43.344730,13,50,1,114
2.965960,43.345530,13,50,1,292
3.216660,43.345900,13,50,1,99
3.218870,43.347600,13,50,1,123
3.239440,43.348050,13,50,1,241
3.219930,43.348140,13,50,1,336
3.530880,43.348020,13,50,1,103
3.241640,43.349160,13,50,1,228
3.530980,43.349880,13,50,1,103
3.218780,43.350910,13,50,1,204
3.530040,43.351830,13,50,1,201
3.528500,43.352180,13,50,1,284
3.219630,43.352380,13,50,1,29
3.524610,43.355530,13,50,1,162
3.220070,43.352970,13,50,1,25
3.245200,43.353310,13,50,1,154
3.246160,43.353730,13,50,1,171
3.230130,43.354050,13,50,1,80
3.249920,43.354190,13,50,1,170
3.522010,43.354590,13,50,1,266
3.235870,43.355030,13,50,1,138
3.522790,43.355400,13,50,1,173
3.524790,43.355430,13,50,1,13
3.524870,43.356730,13,50,1,305
3.123370,43.356840,13,50,1,60
3.523440,43.356940,13,50,1,357
3.522790,43.357060,13,50,1,16
3.525510,43.357190,13,50,1,318
3.525980,43.357940,13,50,1,307
3.224760,43.359170,13,50,1,42
3.530350,43.359850,13,50,1,109
3.524290,43.362270,13,50,1,43
3.164630,43.362520,13,50,1,34
3.228180,43.362750,13,50,1,287
3.525920,43.363230,13,50,1,125
3.163180,43.363360,13,50,1,35
3.007810,43.373870,13,50,1,93
3.016920,43.374600,13,50,1,160
3.476200,43.378740,13,50,1,191
3.478650,43.381140,13,50,1,180
3.476890,43.381250,13,50,1,103
3.461510,43.381410,13,50,1,348
3.473350,43.381790,13,50,1,80
3.472610,43.382820,13,50,1,152
3.468330,43.384840,13,50,1,222
3.466200,43.385820,13,50,1,304
3.104970,43.387300,13,50,1,108
3.473840,43.387500,13,50,1,213
3.466730,43.387790,13,50,1,245
3.467850,43.388350,13,50,1,206
3.469230,43.388880,13,50,1,58
3.472240,43.388040,13,50,1,101
3.470130,43.389190,13,50,1,350
3.469860,43.389210,13,50,1,53
3.472430,43.389250,13,50,1,119
3.470590,43.389530,13,50,1,56
3.475100,43.391740,13,50,1,224
3.426220,43.392650,13,50,1,35
3.423820,43.393700,13,50,1,33
3.423530,43.393940,13,50,1,193
3.421050,43.395150,13,50,1,251
3.094810,43.398470,13,50,1,4
2.976160,43.401970,13,50,1,220
3.411380,43.408010,13,50,1,312
3.368300,43.415370,13,50,1,111
3.368420,43.415630,13,50,1,14
3.368660,43.416260,13,50,1,198
3.232830,43.417060,13,50,1,77
3.233140,43.417200,13,50,1,146
3.369160,43.417420,13,50,1,20
3.234050,43.417490,13,50,1,163
3.592980,43.419570,13,50,1,333
3.410490,43.419780,13,50,1,207
3.593660,43.420020,13,50,1,144
3.239100,43.420200,13,50,1,222
3.364790,43.420280,13,50,1,98
2.947440,43.420450,13,50,1,1
2.950150,43.420660,13,50,1,160
2.947100,43.420680,13,50,1,55
3.598900,43.420940,13,50,1,157
3.365660,43.420960,13,50,1,199
3.595480,43.421160,13,50,1,134
3.407120,43.421370,13,50,1,325
3.596100,43.421520,13,50,1,309
2.955600,43.421780,13,50,1,265
2.946390,43.422390,13,50,1,245
3.597380,43.422620,13,50,1,144
3.601070,43.422650,13,50,1,128
2.946040,43.422740,13,50,1,60
3.405330,43.422800,13,50,1,188
3.407630,43.423070,13,50,1,238
3.601280,43.423350,13,50,1,0
3.599780,43.423520,13,50,1,153
3.598560,43.423590,13,50,1,106
3.608440,43.428370,13,50,1,247
3.589540,43.425560,13,50,1,299
3.597900,43.425560,13,50,1,45
3.597790,43.426040,13,50,1,258
3.610870,43.426340,13,50,1,83
3.595990,43.426540,13,50,1,44
3.591930,43.426600,13,50,1,154
3.595210,43.427690,13,50,1,285
3.595360,43.428500,13,50,1,231
3.726230,43.428720,13,50,1,219
3.725050,43.430250,13,50,1,250
3.724700,43.430400,13,50,1,68
3.596650,43.430580,13,50,1,313
3.595190,43.431410,13,50,1,32
3.594480,43.431750,13,50,1,26
3.593870,43.431970,13,50,1,45
3.602150,43.435890,13,50,1,80
3.592890,43.435900,13,50,1,235
3.594790,43.436270,13,50,1,25
3.594760,43.436470,13,50,1,237
3.595540,43.436820,13,50,1,227
3.740290,43.438190,13,50,1,316
3.598040,43.438410,13,50,1,332
3.598560,43.438700,13,50,1,330
3.600190,43.438070,13,50,1,345
3.745760,43.441070,13,50,1,72
3.746570,43.441620,13,50,1,131
3.264940,43.441780,13,50,1,224
3.267140,43.443510,13,50,1,255
3.377210,43.444620,13,50,1,353
3.383030,43.445650,13,50,1,268
3.382950,43.445670,13,50,1,193
3.742940,43.446140,13,50,1,278
3.749730,43.448720,13,50,1,320
3.744250,43.448770,13,50,1,320
3.756320,43.452130,13,50,1,61
3.759140,43.452490,13,50,1,122
3.751990,43.452700,13,50,1,242
3.407080,43.453230,13,50,1,300
3.754090,43.453400,13,50,1,174
3.408120,43.454380,13,50,1,150
3.758460,43.456260,13,50,1,145
3.759600,43.456890,13,50,1,174
3.761860,43.458490,13,50,1,224
3.765540,43.461260,13,50,1,306
3.416920,43.462410,13,50,1,1
2.773340,43.486780,13,50,1,271
3.799450,43.488090,13,50,1,69
2.757560,43.488690,13,50,1,320
3.798620,43.489730,13,50,1,40
3.796500,43.491700,13,50,1,267
3.437070,43.494830,13,50,1,13
3.437000,43.494920,13,50,1,113
3.797510,43.505360,13,50,1,354
3.805740,43.508960,13,50,1,329
3.806500,43.509210,13,50,1,329
3.802120,43.509290,13,50,1,324
3.329800,43.531290,13,50,1,322
3.329770,43.533130,13,50,1,229
3.382500,43.538600,13,50,1,152
3.378240,43.539620,13,50,1,308
3.774040,43.545080,13,50,1,164
3.823700,43.568700,13,50,1,106
3.824010,43.574850,13,50,1,155
3.834170,43.577000,13,50,1,319
2.702760,43.602000,13,50,1,307
3.039370,43.656050,13,50,1,325
3.726880,43.943320,13,50,1,24
-1.878540,47.865030,13,50,2,100
0.173450,47.211120,13,50,1,261
-1.422540,43.519190,13,50,1,273
-1.461170,43.531820,13,50,1,85
-1.346140,43.544850,13,50,1,17
-1.342820,43.545740,13,50,1,189
-0.984910,43.550950,13,50,1,189
-1.460420,43.552390,13,50,1,5
-1.460510,43.552540,13,50,1,185
-1.140590,43.555900,13,50,1,180
-1.452290,43.559330,13,50,1,130
-1.273900,43.559790,13,50,1,1
-1.272530,43.560320,13,50,1,180
-1.175700,43.563720,13,50,1,227
-1.179310,43.564190,13,50,1,30
-1.178620,43.564210,13,50,1,197
-1.183350,43.565200,13,50,1,135
-1.431180,43.584260,13,50,1,270
-1.429420,43.587510,13,50,1,110
-1.426120,43.597600,13,50,1,205
-0.635970,43.613710,13,50,1,300
-0.636110,43.613850,13,50,1,55
-0.780240,43.619610,13,50,1,37
-0.780230,43.619750,13,50,1,223
-0.842850,43.622940,13,50,1,346
-0.918050,43.650800,13,50,1,197
-0.916690,43.650940,13,50,1,173
-0.602230,43.659600,13,50,1,307
-0.602380,43.660500,13,50,1,280
-0.993160,43.676510,13,50,1,135
-0.995470,43.677890,13,50,1,207
-0.994760,43.678040,13,50,1,289
-0.986830,43.683630,13,50,1,124
-1.044500,43.687140,13,50,1,208
-1.042650,43.680790,13,50,1,314
-1.041970,43.691510,13,50,1,10
-1.041390,43.692290,13,50,1,274
-1.063150,43.693420,13,50,1,106
-1.040460,43.693770,13,50,1,320
-1.068710,43.695030,13,50,1,299
-1.016270,43.695540,13,50,1,219
-1.040950,43.698610,13,50,1,93
-1.037510,43.698700,13,50,1,214
-0.257100,43.699310,13,50,1,95
-0.257190,43.699600,13,50,1,187
-1.042900,43.699850,13,50,1,26
-0.266470,43.699860,13,50,1,60
-1.042980,43.700070,13,50,1,196
-1.029600,43.700860,13,50,1,231
-1.047630,43.701050,13,50,1,201
-1.028860,43.701380,13,50,1,116
-1.030190,43.701820,13,50,1,224
-1.057860,43.702320,13,50,1,178
-1.059510,43.702410,13,50,1,28
-1.059480,43.702500,13,50,1,194
-1.040030,43.702850,13,50,1,118
-0.268110,43.703100,13,50,1,5
-1.047230,43.706420,13,50,1,200
-1.025280,43.703280,13,50,1,14
-1.026170,43.703440,13,50,1,36
-1.034840,43.703920,13,50,1,46
-1.054960,43.705140,13,50,1,264
-1.035190,43.705740,13,50,1,292
-1.054670,43.706280,13,50,1,283
-1.065170,43.706310,13,50,1,1
-1.061790,43.706350,13,50,1,0
-1.064000,43.706400,13,50,1,354
-1.049440,43.706530,13,50,1,2
-1.039340,43.707920,13,50,1,110
-1.038050,43.707920,13,50,1,232
-1.041650,43.708280,13,50,1,17
-1.041630,43.708360,13,50,1,205
-1.043550,43.708540,13,50,1,20
-0.996540,43.710920,13,50,1,39
-1.046830,43.711230,13,50,1,6
-1.047560,43.711300,13,50,1,5
-0.977960,43.712310,13,50,1,198
-0.978070,43.713840,13,50,1,103
-1.057980,43.725310,13,50,1,231
-1.061680,43.729000,13,50,1,217
-1.086810,43.730460,13,50,1,297
-1.057700,43.730480,13,50,1,337
-1.062760,43.734740,13,50,1,27
-1.053620,43.740730,13,50,1,83
-1.001230,43.741460,13,50,1,166
-1.007890,43.742120,13,50,1,254
-1.008340,43.742910,13,50,1,342
-0.960710,43.769590,13,50,1,44
-0.960530,43.769630,13,50,1,275
-0.787740,43.829180,13,50,1,177
-0.814690,43.832350,13,50,1,236
-0.815270,43.833250,13,50,1,339
-0.814810,43.835270,13,50,1,207
-0.820580,43.838120,13,50,1,209
-0.821360,43.838510,13,50,1,66
-0.818580,43.840080,13,50,1,200
-0.708560,43.863090,13,50,1,106
-0.645560,43.865210,13,50,1,39
-0.639970,43.866390,13,50,1,114
-0.640070,43.867550,13,50,1,283
-0.640280,43.868240,13,50,1,76
-0.494960,43.869570,13,50,1,13
-0.480370,43.874360,13,50,1,344
-0.488920,43.874420,13,50,1,183
-0.491020,43.874520,13,50,1,177
-0.475560,43.877440,13,50,1,193
-0.504630,43.878010,13,50,1,310
-0.493330,43.878080,13,50,1,181
-0.492040,43.879220,13,50,1,178
-0.480820,43.879410,13,50,1,168
-0.487290,43.879440,13,50,1,33
-0.489900,43.879550,13,50,1,169
-0.492160,43.880180,13,50,1,354
-0.493210,43.880200,13,50,1,200
-0.492370,43.880270,13,50,1,200
-0.491140,43.880330,13,50,1,349
-0.480260,43.880710,13,50,1,348
-0.480320,43.880870,13,50,1,203
-0.489350,43.881010,13,50,1,193
-0.497040,43.888970,13,50,1,130
-0.489770,43.881840,13,50,1,21
-0.480440,43.882300,13,50,1,24
-0.480530,43.882360,13,50,1,83
-0.491670,43.883080,13,50,1,19
-0.491920,43.883390,13,50,1,211
-0.492380,43.883440,13,50,1,20
-0.525820,43.885310,13,50,1,93
-0.496280,43.885340,13,50,1,197
-0.488030,43.888290,13,50,1,266
-0.489370,43.880270,13,50,1,0
-0.491750,43.893120,13,50,1,344
-0.483420,43.893480,13,50,1,59
-0.493350,43.895040,13,50,1,343
-0.502600,43.896090,13,50,1,350
-0.486470,43.896290,13,50,1,247
-0.486810,43.896390,13,50,1,79
-0.489710,43.897040,13,50,1,342
-0.487490,43.898480,13,50,1,142
-0.515170,43.898670,13,50,1,227
-0.515800,43.898940,13,50,1,48
-0.486050,43.898040,13,50,1,319
0.011300,43.948860,13,50,1,282
-0.334600,44.025600,13,50,1,142
-0.014600,44.102850,13,50,1,309
-1.219290,44.143640,13,50,1,280
-1.219290,44.145840,13,50,1,130
-1.289780,44.207390,13,50,1,10
-1.291290,44.207610,13,50,1,10
-1.292630,44.207800,13,50,1,10
-1.293900,44.208000,13,50,1,10
-1.294940,44.208140,13,50,1,320
-1.294910,44.208200,13,50,1,180
-1.295340,44.216220,13,50,1,280
-1.295020,44.217410,13,50,1,95
-1.294810,44.217940,13,50,1,270
-1.163850,44.387970,13,50,1,40
-1.165060,44.389150,13,50,1,50
1.440070,44.443570,13,50,1,350
1.453680,44.459680,13,50,1,130
1.453920,44.459730,13,50,1,320
1.436240,44.460000,13,50,1,130
1.436460,44.460790,13,50,1,80
1.462360,44.474550,13,50,1,55
2.034340,44.604990,13,50,1,295
2.031230,44.607810,13,50,1,270
2.029900,44.607910,13,50,1,270
2.018430,44.609200,13,50,1,180
2.017260,44.609340,13,50,1,180
2.025640,44.609380,13,50,1,180
2.018040,44.609500,13,50,1,230
2.024800,44.610460,13,50,1,180
2.024350,44.610510,13,50,1,180
2.025640,44.610680,13,50,1,100
2.022510,44.610890,13,50,1,160
2.024810,44.610890,13,50,1,195
2.019320,44.611630,13,50,1,200
2.026040,44.611720,13,50,1,10
2.039840,44.614600,13,50,1,130
2.038000,44.615320,13,50,1,310
2.038170,44.616190,13,50,1,155
1.836530,44.648400,13,50,1,155
1.720930,44.782190,13,50,1,85
1.893230,44.855460,13,50,1,120
1.893390,44.855760,13,50,1,270
1.888800,44.859140,13,50,1,295
1.845410,44.809410,13,50,1,70
1.845380,44.809620,13,50,1,240
1.845830,44.927660,13,50,1,120
1.846330,44.928340,13,50,1,10
1.848800,44.931910,13,50,1,300
0.527270,44.112920,13,50,1,137
0.529830,44.113380,13,50,1,164
0.530520,44.113500,13,50,1,339
0.340210,44.130020,13,50,1,63
0.416940,44.134620,13,50,1,357
0.332610,44.145060,13,50,1,327
0.556640,44.173800,13,50,1,123
0.607390,44.173970,13,50,1,270
0.606760,44.175570,13,50,1,241
0.605780,44.178160,13,50,1,258
0.594810,44.180780,13,50,1,302
0.604360,44.181860,13,50,1,296
0.596510,44.182460,13,50,1,318
0.596420,44.182620,13,50,1,143
0.595450,44.183410,13,50,1,56
0.598380,44.184480,13,50,1,272
0.599180,44.191260,13,50,1,327
0.600030,44.191930,13,50,1,146
0.600770,44.192140,13,50,1,6
0.591710,44.192420,13,50,1,298
0.602350,44.192750,13,50,1,331
0.596510,44.193760,13,50,1,304
0.595510,44.193800,13,50,1,131
0.607130,44.193880,13,50,1,336
0.598810,44.193950,13,50,1,326
0.600730,44.194090,13,50,1,51
0.602760,44.197680,13,50,1,86
0.606140,44.198140,13,50,1,79
0.605980,44.198870,13,50,1,105
0.598540,44.198990,13,50,1,122
-0.875230,47.062680,13,50,1,261
-1.524650,49.642300,13,50,1,230
-1.525000,49.642100,13,50,1,25
4.080090,49.046670,13,50,1,266
6.197160,48.645140,13,50,1,54
5.367380,49.160090,13,50,1,55
3.416400,50.117270,13,50,2,177
3.282960,50.525000,13,50,1,208
3.113350,50.357580,13,50,1,30
3.578770,50.341240,13,50,1,181
-0.051080,48.456970,13,50,1,176
-0.051040,48.456820,13,50,1,345
0.309930,48.808450,13,50,1,80
0.310300,48.808380,13,50,1,317
2.980490,50.324050,13,50,1,246
-0.606080,43.076700,13,50,1,246
-0.596830,43.154630,13,50,1,81
-1.243310,43.164650,13,50,1,31
-0.616170,43.166580,13,50,1,330
-0.616300,43.166640,13,50,1,171
-1.233390,43.166940,13,50,1,115
-1.224340,43.168350,13,50,1,215
-1.229570,43.169100,13,50,1,111
-0.612550,43.169570,13,50,1,172
-0.606430,43.171650,13,50,1,67
-0.609710,43.172010,13,50,1,162
-0.606030,43.177220,13,50,1,41
-0.605390,43.177390,13,50,1,317
-0.604630,43.178100,13,50,1,240
-0.614930,43.181160,13,50,1,250
-0.615600,43.182410,13,50,1,243
-0.612220,43.182480,13,50,1,69
-0.612690,43.183460,13,50,1,59
-0.614530,43.183750,13,50,1,165
-0.113690,43.184190,13,50,1,277
-0.613090,43.184200,13,50,1,66
-0.114720,43.185440,13,50,1,56
-0.609780,43.186140,13,50,1,61
-0.115100,43.186640,13,50,1,172
-0.607650,43.197650,13,50,1,176
-0.615540,43.198150,13,50,1,318
-0.630890,43.201660,13,50,1,59
-0.605980,43.203980,13,50,1,357
-0.128210,43.212070,13,50,1,60
-0.614020,43.212500,13,50,1,320
-0.130070,43.215780,13,50,1,109
-0.130430,43.217060,13,50,1,180
-0.621840,43.217340,13,50,1,103
-0.136140,43.222550,13,50,1,38
-1.296640,43.239820,13,50,1,249
-0.165980,43.242190,13,50,1,41
-0.181550,43.262810,13,50,1,97
-0.738740,43.273860,13,50,1,81
-0.269390,43.275760,13,50,1,55
-0.387450,43.282180,13,50,1,134
-0.382410,43.283710,13,50,1,230
-0.276240,43.284820,13,50,1,186
-0.350250,43.286790,13,50,1,210
-0.317610,43.288580,13,50,1,180
-0.316430,43.280140,13,50,1,11
-0.341400,43.291450,13,50,1,150
-0.348180,43.291800,13,50,1,94
-0.347780,43.292130,13,50,1,293
-0.362570,43.300750,13,50,1,202
-0.359630,43.293910,13,50,1,296
-0.363100,43.294240,13,50,1,124
-0.301900,43.295090,13,50,1,188
-0.406710,43.297650,13,50,1,4
-0.338250,43.298040,13,50,1,307
-0.340620,43.298170,13,50,1,12
-0.334570,43.298940,13,50,1,95
-0.400120,43.299310,13,50,1,339
-0.317290,43.301930,13,50,1,21
-0.355100,43.302130,13,50,1,166
-0.400270,43.304160,13,50,1,29
-0.339360,43.305310,13,50,1,173
-0.389440,43.305430,13,50,1,348
-0.389360,43.305580,13,50,1,182
-0.370350,43.305660,13,50,1,280
-0.388440,43.305730,13,50,1,347
-0.370080,43.306300,13,50,1,278
-0.380040,43.306430,13,50,1,255
-0.384100,43.307020,13,50,1,341
-0.405170,43.307050,13,50,1,169
-0.384240,43.307250,13,50,1,182
-0.380300,43.308060,13,50,1,85
-0.429260,43.309640,13,50,1,308
-0.388030,43.310210,13,50,1,299
-0.380360,43.310600,13,50,1,94
-0.344860,43.310700,13,50,1,58
-0.344730,43.310790,13,50,1,235
-0.382510,43.312360,13,50,1,4
-0.415760,43.312820,13,50,1,212
-0.435660,43.313300,13,50,1,141
-0.371050,43.314710,13,50,1,206
-0.770840,43.319590,13,50,1,257
-0.417170,43.320400,13,50,1,54
-0.418570,43.321510,13,50,1,40
-0.419300,43.322180,13,50,1,56
-0.440390,43.322750,13,50,1,40
-0.420080,43.322860,13,50,1,243
-0.440320,43.322960,13,50,1,224
-1.034660,43.323850,13,50,1,23
-0.428560,43.323960,13,50,1,101
-0.428700,43.324540,13,50,1,124
-0.382370,43.325060,13,50,1,192
-0.385400,43.325520,13,50,1,33
-1.037580,43.326230,13,50,1,299
-0.429470,43.328060,13,50,1,297
-1.033920,43.328260,13,50,1,223
-1.035390,43.328430,13,50,1,315
-0.397480,43.328600,13,50,1,216
-0.399580,43.329200,13,50,1,227
-0.406000,43.329300,13,50,1,36
-0.406990,43.329430,13,50,1,118
-0.401880,43.329910,13,50,1,52
-0.384120,43.329960,13,50,1,46
-0.421750,43.330070,13,50,1,39
-0.421660,43.330160,13,50,1,201
-0.402670,43.330350,13,50,1,212
-0.435230,43.330540,13,50,1,9
-0.424920,43.330630,13,50,1,195
-0.436790,43.330840,13,50,1,185
-0.431800,43.331050,13,50,1,277
-0.413050,43.331470,13,50,1,8
-0.416410,43.331790,13,50,1,7
-0.415680,43.331890,13,50,1,205
-0.416570,43.331940,13,50,1,261
-0.417790,43.331990,13,50,1,187
-0.444510,43.333340,13,50,1,40
-0.447740,43.333350,13,50,1,314
-0.444190,43.334290,13,50,1,210
-0.445170,43.334780,13,50,1,212
-0.273260,43.337550,13,50,1,225
-0.257990,43.342820,13,50,1,325
-0.256760,43.342840,13,50,1,335
-0.256200,43.342910,13,50,1,184
-1.550480,43.356360,13,50,1,274
-0.795470,43.348100,13,50,1,230
-1.398900,43.354340,13,50,1,73
-1.550320,43.354350,13,50,1,265
-1.406610,43.355290,13,50,1,65
-1.414050,43.355840,13,50,1,181
-1.569100,43.356110,13,50,1,0
-1.569200,43.356320,13,50,1,184
-1.550570,43.356460,13,50,1,220
-1.395600,43.357310,13,50,1,41
-0.500780,43.358070,13,50,1,216
-1.398240,43.361120,13,50,1,317
-1.408150,43.361330,13,50,1,116
-1.397780,43.361460,13,50,1,155
-1.396410,43.361750,13,50,1,341
-1.408970,43.363920,13,50,1,195
-1.408820,43.364520,13,50,1,117
-0.511940,43.364970,13,50,1,34
-0.514690,43.366410,13,50,1,37
-0.514690,43.366670,13,50,1,216
-0.536410,43.378270,13,50,1,37
-0.948260,43.383760,13,50,1,316
-0.220360,43.384720,13,50,1,258
-0.220470,43.384800,13,50,1,138
-0.210860,43.395110,13,50,1,307
-0.935150,43.400050,13,50,1,67
-1.552420,43.432720,13,50,1,70
-0.652100,43.436100,13,50,1,286
-0.262770,43.440980,13,50,1,279
-0.673370,43.444940,13,50,1,236
-0.667600,43.450030,13,50,1,110
-0.623380,43.464940,13,50,1,154
-0.626590,43.465080,13,50,1,17
-0.349370,43.476550,13,50,1,62
-0.780790,43.477810,13,50,1,304
-0.780970,43.478010,13,50,1,74
-0.765090,43.479650,13,50,1,10
-0.779190,43.482620,13,50,1,159
-0.777880,43.482920,13,50,1,308
-0.777050,43.483830,13,50,1,316
-0.764080,43.485130,13,50,1,208
-0.770600,43.486500,13,50,1,113
-0.759580,43.486780,13,50,1,91
-0.759620,43.488800,13,50,1,87
-0.778380,43.489270,13,50,1,3
-0.778340,43.489410,13,50,1,197
-0.785840,43.480010,13,50,1,264
-0.782240,43.480180,13,50,1,298
-0.764810,43.492400,13,50,1,59
-1.467800,43.509120,13,50,1,260
-0.838150,43.509450,13,50,1,161
-1.468510,43.510640,13,50,1,110
-0.275130,43.549960,13,50,1,86
0.321270,42.817360,13,50,1,134
0.323550,42.820430,13,50,1,127
0.327320,42.820750,13,50,1,321
0.339240,42.865630,13,50,1,241
0.341190,42.871890,13,50,1,277
0.341080,42.871920,13,50,1,86
0.342240,42.873360,13,50,1,347
0.358370,42.803900,13,50,1,275
0.359900,42.809310,13,50,1,186
0.376130,42.974450,13,50,1,300
0.370770,43.045560,13,50,1,296
0.161140,43.054250,13,50,1,175
0.155500,43.057860,13,50,1,75
0.155170,43.058370,13,50,1,75
0.153590,43.060800,13,50,1,160
0.371690,43.061070,13,50,1,250
0.371860,43.062740,13,50,1,84
0.146210,43.067320,13,50,1,345
0.148880,43.067980,13,50,1,75
0.155660,43.072170,13,50,1,230
0.144360,43.072600,13,50,1,250
0.143380,43.074240,13,50,1,250
0.143170,43.074600,13,50,1,250
0.150650,43.074640,13,50,1,340
0.380980,43.078340,13,50,1,16
0.387050,43.078560,13,50,1,169
0.385090,43.078690,13,50,1,154
0.391530,43.078700,13,50,1,158
0.391760,43.078700,13,50,1,333
0.379940,43.079430,13,50,1,237
0.357320,43.080100,13,50,1,8
0.357170,43.080250,13,50,1,183
0.381740,43.080250,13,50,1,291
0.384000,43.081360,13,50,1,267
0.384200,43.081780,13,50,1,226
-0.045410,43.083290,13,50,1,267
-0.045810,43.083800,13,50,1,100
-0.043460,43.085530,13,50,1,348
-0.043690,43.085630,13,50,1,92
-0.043280,43.087830,13,50,1,94
-0.049400,43.088940,13,50,1,252
-0.051140,43.089230,13,50,1,134
-0.052400,43.089570,13,50,1,147
-0.037330,43.094490,13,50,1,197
-0.036800,43.095880,13,50,1,14
-0.038050,43.096830,13,50,1,263
-0.038540,43.097080,13,50,1,42
-0.037990,43.098260,13,50,1,294
-0.037960,43.098650,13,50,1,291
-0.036270,43.099690,13,50,1,294
-0.046250,43.100820,13,50,1,154
0.316290,43.102190,13,50,1,25
0.317290,43.102270,13,50,1,275
0.314230,43.102590,13,50,1,50
0.314530,43.102630,13,50,1,215
0.315600,43.103630,13,50,1,45
-0.038650,43.104050,13,50,1,189
-0.035220,43.104190,13,50,1,34
-0.061290,43.104900,13,50,1,237
-0.061730,43.105440,13,50,1,183
0.328150,43.105520,13,50,1,1
-0.065590,43.107250,13,50,1,212
-0.066760,43.107590,13,50,1,17
-0.067900,43.108140,13,50,1,81
0.289210,43.113550,13,50,1,180
0.391500,43.119750,13,50,1,92
0.380280,43.114270,13,50,1,98
0.384080,43.114380,13,50,1,85
0.380470,43.114520,13,50,1,291
0.384150,43.114630,13,50,1,274
0.383560,43.116190,13,50,1,106
0.391640,43.118010,13,50,1,68
0.379610,43.120310,13,50,1,10
0.380790,43.120750,13,50,1,342
0.384900,43.121580,13,50,1,167
0.389920,43.122150,13,50,1,332
0.382890,43.124220,13,50,1,201
0.382090,43.124390,13,50,1,194
0.386280,43.124780,13,50,1,120
0.383310,43.125420,13,50,1,9
0.381440,43.125470,13,50,1,68
0.382420,43.125560,13,50,1,191
0.385070,43.126560,13,50,1,104
0.385140,43.126960,13,50,1,101
0.386130,43.127390,13,50,1,358
0.384280,43.127640,13,50,1,296
0.386520,43.128770,13,50,1,208
0.384950,43.129390,13,50,1,303
0.385920,43.131010,13,50,1,294
-0.027900,43.138600,13,50,1,54
-0.027670,43.138680,13,50,1,262
0.023920,43.157860,13,50,1,120
0.013880,43.164310,13,50,1,40
0.015170,43.165760,13,50,1,45
0.015430,43.186670,13,50,1,105
0.015290,43.187270,13,50,1,105
0.045370,43.188420,13,50,1,83
0.014680,43.188880,13,50,1,50
0.048280,43.180280,13,50,1,343
0.014200,43.180630,13,50,1,237
0.050770,43.191120,13,50,1,240
0.014310,43.192800,13,50,1,150
0.053400,43.194460,13,50,1,49
0.050990,43.194710,13,50,1,17
0.051010,43.194820,13,50,1,195
0.023560,43.194860,13,50,1,268
0.031840,43.195630,13,50,1,134
0.031600,43.195830,13,50,1,202
0.027180,43.198060,13,50,1,85
0.100050,43.198440,13,50,1,180
0.034800,43.198520,13,50,1,102
0.027180,43.199360,13,50,1,85
0.035240,43.199760,13,50,1,10
0.035330,43.199840,13,50,1,257
0.038020,43.200600,13,50,1,344
0.027790,43.200610,13,50,1,30
0.023060,43.200690,13,50,1,5
0.018050,43.200860,13,50,1,200
0.022250,43.200880,13,50,1,15
0.075840,43.201700,13,50,1,50
0.075760,43.201910,13,50,1,255
0.020140,43.202210,13,50,1,278
0.054640,43.216210,13,50,1,170
0.056220,43.217260,13,50,1,280
0.062860,43.219550,13,50,1,110
0.070640,43.220070,13,50,1,85
0.059820,43.220090,13,50,1,285
0.087120,43.220890,13,50,1,345
0.087050,43.220970,13,50,1,165
0.058340,43.222380,13,50,1,105
0.088860,43.222900,13,50,1,330
0.088690,43.222920,13,50,1,60
0.088730,43.223040,13,50,1,180
0.070120,43.223050,13,50,1,260
0.086280,43.223520,13,50,1,200
0.057780,43.224140,13,50,1,80
0.057660,43.224540,13,50,1,80
0.084340,43.224540,13,50,1,71
0.084540,43.224610,13,50,1,258
0.053960,43.225830,13,50,1,80
0.074790,43.226070,13,50,1,260
0.057030,43.226150,13,50,1,80
0.076760,43.226270,13,50,1,260
0.054500,43.226280,13,50,1,95
0.057130,43.226470,13,50,1,260
0.056970,43.226960,13,50,1,260
0.055370,43.227180,13,50,1,80
0.003300,43.227250,13,50,1,199
0.081700,43.227360,13,50,1,75
0.056810,43.227450,13,50,1,260
0.055710,43.227510,13,50,1,80
0.073710,43.228690,13,50,1,180
0.055520,43.229470,13,50,1,80
0.054710,43.232680,13,50,1,270
0.059200,43.229660,13,50,1,280
0.060050,43.230340,13,50,1,95
0.072570,43.230760,13,50,1,168
0.000220,43.230990,13,50,1,274
0.049700,43.231310,13,50,1,85
0.049960,43.231370,13,50,1,265
0.412960,43.231960,13,50,1,273
0.054200,43.234690,13,50,1,95
0.079760,43.234780,13,50,1,80
0.079610,43.235620,13,50,1,100
0.069870,43.235710,13,50,1,280
0.083670,43.236230,13,50,1,100
0.069690,43.236630,13,50,1,85
0.083460,43.236790,13,50,1,100
0.050640,43.236930,13,50,1,10
0.081860,43.237020,13,50,1,100
0.051270,43.237030,13,50,1,180
0.048050,43.237260,13,50,1,185
0.093460,43.237550,13,50,1,85
0.093570,43.237860,13,50,1,85
0.070800,43.238400,13,50,1,85
0.093860,43.238600,13,50,1,85
0.062770,43.239560,13,50,1,120
0.094300,43.239750,13,50,1,85
0.057920,43.240350,13,50,1,300
0.005320,43.241740,13,50,1,10
0.051690,43.243560,13,50,1,180
0.050170,43.244260,13,50,1,140
0.097000,43.246390,13,50,1,210
0.047720,43.246550,13,50,1,340
0.070260,43.247220,13,50,1,85
0.072390,43.247300,13,50,1,355
0.075100,43.247420,13,50,1,85
0.089570,43.247440,13,50,1,268
0.089590,43.249440,13,50,1,276
0.089800,43.255560,13,50,1,274
0.158240,43.267570,13,50,1,280
0.084630,43.276600,13,50,1,197
0.092590,43.277130,13,50,1,168
0.074570,43.288370,13,50,1,81
0.074730,43.288370,13,50,1,276
0.066880,43.289500,13,50,1,0
0.079980,43.290000,13,50,1,356
0.075550,43.280660,13,50,1,40
0.072970,43.280780,13,50,1,6
0.071440,43.280820,13,50,1,181
0.072930,43.280890,13,50,1,189
0.071430,43.292820,13,50,1,270
0.072890,43.294190,13,50,1,351
0.072810,43.294280,13,50,1,177
0.228070,43.304280,13,50,1,1
0.365450,43.315970,13,50,1,315
0.365300,43.316010,13,50,1,135
0.064520,43.318640,13,50,1,85
0.371190,43.320860,13,50,1,135
0.372560,43.321950,13,50,1,195
0.371830,43.322150,13,50,1,45
0.066330,43.347020,13,50,1,275
0.056400,43.382570,13,50,1,250
0.053950,43.387830,13,50,1,250
1.945890,42.433240,13,50,1,304
1.951720,42.433660,13,50,1,19
2.036210,42.456430,13,50,1,114
3.128470,42.477550,13,50,1,160
3.132250,42.478690,13,50,1,20
3.127410,42.488530,13,50,1,269
3.103060,42.522270,13,50,1,30
3.074830,42.525110,13,50,1,300
3.068570,42.525460,13,50,1,170
3.074280,42.526720,13,50,1,300
3.048710,42.545480,13,50,1,180
3.018500,42.549820,13,50,1,85
3.018070,42.550540,13,50,1,230
2.267500,42.553330,13,50,1,112
3.044290,42.554070,13,50,1,160
3.042010,42.557000,13,50,1,250
3.041440,42.558040,13,50,1,270
3.042630,42.559220,13,50,1,180
3.043640,42.559320,13,50,1,180
3.044650,42.559420,13,50,1,180
3.041140,42.566660,13,50,1,58
2.360530,42.584310,13,50,1,240
2.976200,42.595430,13,50,1,240
2.969340,42.600790,13,50,1,350
2.971690,42.604780,13,50,1,1
2.395560,42.605690,13,50,1,332
2.971730,42.606800,13,50,1,1
2.971620,42.607740,13,50,1,80
3.030310,42.628890,13,50,1,188
3.022580,42.638290,13,50,1,23
3.024120,42.638410,13,50,1,12
2.976720,42.638820,13,50,1,183
3.028580,42.639320,13,50,1,352
2.976790,42.639380,13,50,1,0
2.979980,42.639530,13,50,1,175
2.976530,42.642920,13,50,1,51
2.508730,42.811420,13,50,1,95
2.375970,42.811930,13,50,1,320
2.375860,42.812050,13,50,1,210
2.916680,42.833700,13,50,1,100
2.916310,42.833780,13,50,1,210
7.478580,48.461940,13,50,1,68
7.483370,48.460320,13,50,1,29
7.498340,48.487880,13,50,1,228
4.848100,45.898060,13,50,1,270
4.844890,45.898740,13,50,1,295
0.737230,47.924320,13,50,1,69
2.614300,48.884400,13,50,2,16
1.940020,43.601050,13,50,1,203
2.583110,43.469480,13,50,1,180
2.581420,43.470070,13,50,1,180
2.642520,43.475650,13,50,1,15
2.652470,43.475700,13,50,1,110
2.641130,43.476360,13,50,1,155
2.488030,43.477710,13,50,1,330
2.371830,43.486410,13,50,1,181
2.371810,43.488090,13,50,1,357
2.370640,43.489460,13,50,1,358
2.369110,43.489560,13,50,1,183
2.371730,43.489590,13,50,1,180
2.372880,43.489620,13,50,1,238
2.364370,43.480190,13,50,1,357
2.368180,43.480690,13,50,1,314
2.368180,43.491010,13,50,1,276
2.374760,43.491730,13,50,1,82
2.382210,43.491860,13,50,1,129
2.382640,43.492140,13,50,1,124
2.383060,43.492270,13,50,1,330
2.367960,43.492390,13,50,1,86
2.383320,43.492520,13,50,1,162
2.381720,43.492670,13,50,1,232
2.383670,43.492670,13,50,1,185
2.380540,43.492750,13,50,1,306
2.374440,43.492830,13,50,1,48
2.385060,43.492860,13,50,1,188
2.380820,43.493000,13,50,1,47
2.380850,43.493110,13,50,1,217
2.382970,43.493150,13,50,1,73
2.379110,43.493930,13,50,1,304
2.374690,43.494130,13,50,1,287
2.374600,43.494460,13,50,1,106
2.374790,43.494980,13,50,1,109
2.393200,43.495630,13,50,1,6
2.391780,43.495720,13,50,1,5
2.381050,43.495790,13,50,1,321
2.380550,43.495950,13,50,1,195
2.394760,43.496010,13,50,1,99
2.364210,43.496070,13,50,1,331
2.364340,43.496300,13,50,1,174
2.364840,43.496400,13,50,1,269
2.384090,43.496560,13,50,1,5
2.385490,43.496760,13,50,1,6
2.362330,43.497480,13,50,1,294
2.375780,43.497490,13,50,1,313
2.375800,43.497970,13,50,1,133
2.360320,43.498080,13,50,1,294
2.376230,43.498740,13,50,1,283
2.376280,43.499290,13,50,1,284
2.360770,43.499300,13,50,1,68
2.360960,43.499360,13,50,1,286
2.376670,43.500210,13,50,1,318
2.376790,43.500560,13,50,1,287
2.406660,43.500660,13,50,1,250
2.347870,43.500990,13,50,1,139
2.408600,43.501170,13,50,1,314
2.364990,43.501710,13,50,1,16
2.365050,43.501820,13,50,1,215
2.404800,43.502010,13,50,1,341
2.377300,43.502040,13,50,1,283
2.381570,43.502180,13,50,1,118
2.377560,43.502880,13,50,1,297
2.377520,43.503330,13,50,1,109
2.377750,43.503530,13,50,1,299
2.401230,43.504500,13,50,1,23
2.400460,43.504780,13,50,1,210
2.400010,43.504800,13,50,1,13
2.368740,43.520420,13,50,1,35
2.368850,43.520610,13,50,1,210
2.238340,43.600210,13,50,1,20
2.104220,43.536320,13,50,1,75
2.014300,43.570870,13,50,1,35
2.009520,43.573690,13,50,1,200
2.155720,43.583440,13,50,1,170
2.158070,43.583820,13,50,1,175
2.172910,43.584730,13,50,1,270
2.212300,43.593950,13,50,1,260
2.235320,43.601260,13,50,1,210
2.231130,43.606000,13,50,1,160
2.232590,43.606200,13,50,1,145
2.250310,43.608350,13,50,1,120
2.092920,43.623240,13,50,1,100
2.854850,43.684580,13,50,1,85
2.772120,43.706610,13,50,1,300
2.137490,43.707010,13,50,1,130
2.692240,43.710150,13,50,1,100
2.698810,43.710160,13,50,1,155
2.707280,43.711740,13,50,1,185
2.703800,43.711970,13,50,1,230
2.318660,43.715330,13,50,1,10
2.336250,43.719930,13,50,1,180
2.326160,43.720060,13,50,1,45
1.982530,43.760820,13,50,1,60
1.977590,43.760940,13,50,1,240
1.976170,43.760960,13,50,1,180
1.988760,43.761680,13,50,1,150
1.980210,43.762530,13,50,1,140
2.001750,43.763930,13,50,1,10
1.994370,43.764970,13,50,1,110
2.000620,43.769170,13,50,1,240
1.682530,43.770050,13,50,1,300
2.177720,43.770780,13,50,1,170
2.184620,43.771790,13,50,1,330
1.697940,43.771910,13,50,1,30
1.694800,43.772330,13,50,1,10
1.680110,43.772340,13,50,1,1
2.185470,43.772340,13,50,1,330
1.691810,43.772640,13,50,1,1
2.187590,43.773710,13,50,1,330
2.194740,43.776820,13,50,1,15
2.193900,43.777000,13,50,1,60
2.192770,43.777310,13,50,1,300
2.189530,43.777610,13,50,1,160
2.193610,43.777680,13,50,1,330
1.687350,43.778330,13,50,1,240
1.728810,43.818410,13,50,1,35
1.727320,43.827940,13,50,1,280
2.465020,43.885010,13,50,1,60
2.463760,43.886980,13,50,1,180
2.456220,43.888620,13,50,1,230
2.163880,43.880470,13,50,1,300
2.163730,43.880540,13,50,1,125
2.164450,43.891380,13,50,1,130
1.804150,43.892150,13,50,1,285
1.803550,43.892760,13,50,1,240
1.802350,43.893960,13,50,1,50
1.801450,43.894930,13,50,1,280
1.805330,43.897700,13,50,1,145
1.808220,43.898290,13,50,1,170
1.809220,43.898510,13,50,1,170
1.910490,43.899190,13,50,1,160
1.911220,43.899430,13,50,1,330
1.913560,43.800240,13,50,1,70
1.914210,43.800310,13,50,1,20
1.800100,43.805320,13,50,1,210
2.140660,43.805550,13,50,1,160
2.131190,43.913210,13,50,1,110
2.141150,43.805650,13,50,1,175
1.802730,43.806070,13,50,1,160
1.804430,43.806350,13,50,1,280
1.807290,43.806700,13,50,1,280
1.911620,43.807330,13,50,1,330
2.140790,43.808360,13,50,1,110
2.127230,43.912290,13,50,1,40
2.287540,43.913050,13,50,1,45
2.141370,43.913220,13,50,1,180
2.139460,43.913360,13,50,1,10
2.131430,43.913500,13,50,1,150
2.138400,43.913550,13,50,1,15
2.138390,43.913640,13,50,1,195
2.136270,43.913760,13,50,1,15
2.136780,43.913890,13,50,1,200
2.134020,43.914200,13,50,1,210
2.169620,43.914880,13,50,1,1
2.171550,43.914910,13,50,1,1
2.132470,43.914920,13,50,1,200
2.168500,43.914920,13,50,1,260
2.143670,43.915570,13,50,1,260
2.123250,43.915620,13,50,1,280
2.037460,43.915720,13,50,1,200
2.167460,43.915740,13,50,1,50
2.167630,43.915800,13,50,1,260
2.145910,43.915830,13,50,1,180
2.127640,43.916090,13,50,1,300
2.127980,43.916530,13,50,1,0
2.127770,43.916560,13,50,1,120
2.145870,43.916860,13,50,1,0
2.147960,43.916890,13,50,1,0
2.036850,43.917440,13,50,1,205
2.124760,43.917850,13,50,1,295
2.128970,43.917910,13,50,1,100
2.033780,43.918340,13,50,1,30
2.032750,43.918400,13,50,1,1
2.129280,43.918410,13,50,1,120
2.122260,43.918970,13,50,1,180
2.154830,43.918090,13,50,1,310
2.126730,43.919540,13,50,1,261
2.133620,43.919550,13,50,1,10
2.126570,43.919560,13,50,1,88
2.133180,43.919690,13,50,1,180
2.155960,43.920010,13,50,1,330
2.142300,43.920210,13,50,1,135
2.155790,43.920210,13,50,1,150
2.143190,43.920250,13,50,1,170
2.143490,43.920270,13,50,1,200
2.107490,43.921470,13,50,1,180
2.108790,43.921510,13,50,1,165
2.172370,43.921580,13,50,1,170
2.153110,43.921960,13,50,1,310
2.173540,43.922060,13,50,1,130
2.151100,43.922250,13,50,1,210
2.153490,43.922580,13,50,1,220
2.155650,43.923040,13,50,1,300
2.131760,43.923300,13,50,1,310
2.149260,43.923390,13,50,1,280
2.148770,43.923480,13,50,1,110
2.118570,43.923520,13,50,1,345
2.130640,43.923630,13,50,1,50
2.152190,43.923650,13,50,1,30
2.130760,43.923710,13,50,1,240
2.140070,43.923910,13,50,1,300
2.200870,43.924030,13,50,1,60
2.182140,43.924090,13,50,1,180
2.152010,43.924400,13,50,1,250
2.134450,43.924420,13,50,1,30
2.189180,43.924430,13,50,1,170
2.154070,43.924690,13,50,1,110
2.191740,43.924960,13,50,1,355
2.193220,43.925350,13,50,1,180
2.128290,43.925480,13,50,1,70
2.128480,43.925500,13,50,1,240
2.115450,43.925570,13,50,1,1
2.131400,43.925590,13,50,1,45
2.176010,43.925600,13,50,1,15
2.153810,43.925630,13,50,1,70
2.153970,43.925690,13,50,1,250
2.172960,43.925740,13,50,1,0
2.119260,43.925770,13,50,1,1
2.130970,43.925810,13,50,1,45
2.123000,43.926030,13,50,1,1
2.128400,43.926120,13,50,1,0
2.159840,43.926560,13,50,1,10
2.164250,43.926130,13,50,1,20
2.164880,43.926130,13,50,1,340
2.163170,43.926170,13,50,1,20
2.170300,43.926190,13,50,1,330
2.126020,43.926210,13,50,1,210
2.163210,43.926260,13,50,1,180
2.128330,43.926270,13,50,1,180
2.123390,43.926350,13,50,1,180
2.123390,43.926460,13,50,1,95
2.179480,43.926570,13,50,1,120
2.150230,43.926630,13,50,1,180
2.159800,43.926650,13,50,1,180
2.155100,43.926680,13,50,1,10
2.180750,43.928230,13,50,1,120
2.160560,43.928380,13,50,1,80
2.160730,43.928380,13,50,1,270
2.129350,43.928620,13,50,1,75
2.129120,43.928090,13,50,1,55
2.160670,43.929410,13,50,1,260
2.128800,43.929760,13,50,1,100
2.160450,43.929890,13,50,1,70
2.137880,43.929980,13,50,1,155
2.191490,43.933270,13,50,1,150
2.158090,43.933710,13,50,1,0
2.159520,43.934230,13,50,1,140
2.139460,43.934350,13,50,1,35
2.176200,43.934800,13,50,1,165
2.160390,43.934810,13,50,1,155
2.144250,43.934900,13,50,1,150
2.161330,43.935160,13,50,1,300
2.178390,43.935350,13,50,1,345
2.162920,43.936070,13,50,1,150
2.149810,43.936160,13,50,1,150
2.138680,43.936280,13,50,1,60
2.163920,43.936430,13,50,1,170
2.164410,43.936440,13,50,1,350
2.185130,43.936790,13,50,1,0
2.185060,43.936910,13,50,1,180
2.183580,43.937040,13,50,1,185
2.138600,43.937100,13,50,1,250
2.167020,43.937150,13,50,1,350
2.166870,43.937230,13,50,1,165
2.187020,43.937260,13,50,1,175
2.152660,43.937660,13,50,1,150
2.138270,43.938010,13,50,1,275
2.165970,43.938040,13,50,1,130
2.138080,43.938140,13,50,1,85
2.153560,43.938140,13,50,1,155
2.138230,43.938200,13,50,1,260
2.142560,43.938400,13,50,1,80
2.142810,43.938410,13,50,1,260
2.147810,43.938580,13,50,1,320
2.166500,43.938640,13,50,1,275
2.166650,43.938910,13,50,1,270
2.142070,43.938960,13,50,1,180
2.166940,43.939500,13,50,1,270
2.142150,43.939850,13,50,1,270
2.167260,43.940390,13,50,1,280
2.167090,43.940420,13,50,1,120
2.167620,43.941010,13,50,1,280
2.167350,43.941080,13,50,1,120
2.137820,43.941420,13,50,1,20
2.064930,43.941470,13,50,1,1
2.137860,43.941580,13,50,1,180
2.141870,43.941580,13,50,1,80
2.149190,43.941790,13,50,1,95
2.149620,43.942180,13,50,1,280
2.143690,43.942210,13,50,1,180
2.141930,43.942240,13,50,1,270
2.483200,43.943260,13,50,1,271
2.146720,43.943470,13,50,1,10
2.141690,43.943620,13,50,1,230
2.146600,43.943630,13,50,1,160
2.145530,43.943720,13,50,1,10
2.145340,43.943880,13,50,1,210
2.141270,43.944140,13,50,1,75
2.143870,43.944180,13,50,1,10
2.479440,43.944200,13,50,1,201
2.150710,43.944330,13,50,1,280
2.143760,43.944350,13,50,1,175
2.139350,43.944800,13,50,1,180
2.141030,43.944820,13,50,1,80
2.151040,43.945510,13,50,1,100
2.151420,43.946200,13,50,1,100
2.151940,43.946810,13,50,1,280
2.146310,43.946940,13,50,1,80
2.140010,43.947040,13,50,1,270
2.146150,43.947460,13,50,1,80
2.145960,43.947830,13,50,1,80
2.157710,43.948140,13,50,1,50
2.170420,43.951580,13,50,1,100
2.145590,43.948580,13,50,1,80
2.145370,43.948980,13,50,1,70
2.145530,43.948050,13,50,1,260
2.171180,43.949650,13,50,1,225
2.139350,43.949830,13,50,1,60
2.142350,43.949880,13,50,1,25
2.139570,43.949900,13,50,1,270
2.148470,43.950100,13,50,1,180
2.149980,43.950100,13,50,1,0
2.151280,43.950200,13,50,1,0
2.170640,43.951880,13,50,1,100
2.170940,43.952530,13,50,1,10
2.189710,43.953410,13,50,1,160
2.131190,43.953450,13,50,1,280
2.221610,43.953630,13,50,1,180
2.131100,43.953780,13,50,1,0
2.131020,43.953880,13,50,1,170
2.144120,43.956500,13,50,1,180
2.161100,43.957580,13,50,1,220
2.150780,43.958260,13,50,1,170
2.152720,43.958380,13,50,1,80
2.158990,43.958920,13,50,1,180
2.186240,43.965150,13,50,1,310
2.154060,43.977070,13,50,1,35
1.981940,43.979910,13,50,1,10
2.147010,43.980260,13,50,1,340
1.983180,43.980380,13,50,1,130
2.143200,43.983870,13,50,1,70
2.133510,43.992840,13,50,1,233
2.129620,43.995010,13,50,1,100
2.344250,44.009490,13,50,1,320
2.396210,44.016750,13,50,1,1
2.155620,44.016910,13,50,1,260
2.397870,44.017510,13,50,1,180
2.402370,44.019000,13,50,1,350
2.156640,44.027390,13,50,1,295
2.156950,44.028070,13,50,1,300
2.157480,44.029190,13,50,1,240
2.157990,44.046470,13,50,1,305
2.161090,44.054570,13,50,1,140
2.163180,44.055930,13,50,1,145
2.132820,44.074980,13,50,1,10
2.213850,44.078360,13,50,1,195
2.244230,44.123250,13,50,1,340
2.247370,44.125040,13,50,1,70
1.230820,43.853590,13,50,1,214
1.225600,43.854080,13,50,1,200
1.224240,43.854510,13,50,1,53
0.991060,43.879730,13,50,1,60
0.980850,43.879930,13,50,1,215
0.987200,43.883050,13,50,1,355
0.988980,43.883110,13,50,1,180
0.999340,43.887050,13,50,1,110
1.195190,43.880100,13,50,1,83
1.236750,43.891460,13,50,1,240
1.414370,43.802350,13,50,1,40
1.225120,43.809360,13,50,1,120
1.087750,43.930020,13,50,1,320
1.168950,43.943940,13,50,1,2
1.230480,43.954190,13,50,1,150
1.231180,43.954230,13,50,1,1
1.231460,43.954400,13,50,1,240
1.427550,43.965190,13,50,1,35
1.194750,43.985910,13,50,1,245
1.337550,44.004260,13,50,1,185
1.338020,44.004260,13,50,1,240
1.177000,44.006730,13,50,1,40
1.363960,44.013460,13,50,1,310
1.362400,44.020460,13,50,1,280
1.362060,44.021170,13,50,1,280
1.362720,44.023500,13,50,1,120
1.336100,44.024780,13,50,1,220
1.115240,44.037750,13,50,1,299
1.120340,44.038640,13,50,1,170
1.123500,44.038970,13,50,1,319
1.109330,44.039280,13,50,1,230
1.374480,44.039950,13,50,1,280
1.368250,44.042290,13,50,1,300
1.095580,44.048970,13,50,1,56
1.094120,44.049240,13,50,1,326
1.095210,44.049400,13,50,1,94
1.095200,44.049580,13,50,1,248
1.097110,44.050320,13,50,1,329
1.101040,44.052450,13,50,1,70
1.659460,44.056670,13,50,1,310
1.097840,44.061280,13,50,1,65
1.615850,44.076430,13,50,1,140
1.616340,44.077800,13,50,1,250
1.095160,44.104880,13,50,1,1
0.800870,44.105030,13,50,1,95
1.092370,44.105330,13,50,1,60
0.894290,44.110960,13,50,1,50
0.968800,44.145600,13,50,1,210
1.239240,44.125450,13,50,1,100
1.239860,44.128390,13,50,1,115
1.241870,44.130430,13,50,1,250
1.754600,44.149310,13,50,1,217
1.754950,44.149510,13,50,1,275
1.550490,44.152100,13,50,1,175
1.753240,44.152470,13,50,1,286
1.544620,44.156670,13,50,1,30
1.541880,44.158930,13,50,1,40
1.552850,44.165320,13,50,1,274
1.615350,44.175890,13,50,1,162
1.616220,44.175990,13,50,1,14
6.533390,43.171620,13,50,1,220
6.533430,43.174220,13,50,1,100
6.533680,43.174720,13,50,1,100
6.534010,43.175420,13,50,1,100
6.534790,43.176780,13,50,1,100
6.535600,43.178090,13,50,1,120
6.536740,43.180770,13,50,1,140
6.542020,43.184700,13,50,1,240
6.545280,43.185180,13,50,1,200
-1.134150,46.807920,13,50,1,197
0.897380,45.886500,13,50,1,301
0.898500,45.881850,13,50,1,276
0.898920,45.879150,13,50,1,318
0.896380,45.882450,13,50,1,236
1.254100,45.843190,13,50,1,45
1.248820,45.844390,13,50,1,312
1.250880,45.844390,13,50,1,0
1.250180,45.844400,13,50,1,0
1.248540,45.844500,13,50,1,184
1.249460,45.844500,13,50,1,182
1.244300,45.845950,13,50,1,261
1.243680,45.846570,13,50,1,334
1.249580,45.851280,13,50,1,182
1.248250,45.855870,13,50,1,229
1.250830,45.856780,13,50,1,311
1.233370,45.858840,13,50,1,347
1.235610,45.859270,13,50,1,200
1.236240,45.859340,13,50,1,352
1.230560,45.859670,13,50,1,9
1.238740,45.859860,13,50,1,9
1.250290,45.864770,13,50,1,61
1.245970,45.867140,13,50,1,26
1.241150,45.867410,13,50,1,0
1.239970,45.867420,13,50,1,359
1.238480,45.872110,13,50,1,261
1.239200,45.876030,13,50,1,130
1.231340,45.878670,13,50,1,11
1.238090,45.878790,13,50,1,105
1.240730,45.879960,13,50,1,115
1.239410,45.880370,13,50,1,292
1.240990,45.880500,13,50,1,278
1.168650,45.916340,13,50,1,259
1.173100,45.926450,13,50,1,137
2.490190,48.715430,13,50,1,204
1.894280,43.885780,13,60,1,300
1.128090,44.004230,13,60,1,157
5.895910,46.122120,13,70,1,230
1.611210,43.187680,13,70,1,270
2.262360,42.988050,13,70,1,245
3.105600,43.118230,13,70,1,70
2.977390,43.196230,13,70,1,210
2.827440,43.210600,13,70,1,180
2.167330,43.239140,13,70,1,45
2.168900,43.239430,13,70,1,195
2.910210,43.305230,13,70,1,176
2.491380,43.310070,13,70,1,140
2.487080,44.286280,13,70,1,175
2.632230,44.371020,13,70,1,330
2.192860,44.432680,13,70,1,180
4.693090,44.361140,13,70,1,200
3.809120,43.954630,13,70,1,165
1.626090,43.348540,13,70,1,30
1.951790,43.445270,13,70,1,150
1.703290,43.595370,13,70,1,240
0.488220,43.549760,13,70,1,358
0.488030,43.549980,13,70,1,184
0.537950,43.574170,13,70,1,74
0.873560,43.724330,13,70,1,170
-0.109000,44.393640,13,70,1,214
3.496960,43.371080,13,70,1,207
3.227630,43.394640,13,70,1,208
3.809750,43.508020,13,70,1,134
3.726930,43.943480,13,70,1,122
-1.803750,48.647730,13,70,2,18
-1.821730,48.066980,13,70,1,302
0.173100,47.211180,13,70,2,173
-0.723330,43.558680,13,70,1,223
-0.786250,43.620890,13,70,1,168
-0.993540,43.682220,13,70,1,204
-0.982020,43.686380,13,70,1,322
-1.025270,43.699120,13,70,1,208
-0.973700,43.758750,13,70,1,78
-0.973570,43.758750,13,70,1,224
-0.973990,43.759620,13,70,1,252
-0.054250,44.065810,13,70,1,319
-1.268390,44.080190,13,70,1,320
-1.261320,44.080350,13,70,1,350
-1.464630,47.349410,13,70,2,144
1.840580,47.805990,13,70,2,333
1.836540,44.917870,13,70,1,220
0.518560,44.077280,13,70,1,148
-0.642540,43.211290,13,70,1,74
-0.149190,43.231460,13,70,1,139
-0.500800,43.358890,13,70,1,43
-0.536370,43.378430,13,70,1,220
-0.750710,43.426150,13,70,1,250
-0.917410,43.458150,13,70,1,322
-0.917520,43.458290,13,70,1,148
-0.573240,43.492640,13,70,1,223
-0.397840,43.525710,13,70,1,247
-0.286950,43.555080,13,70,1,77
0.453870,43.299690,13,70,2,198
0.163000,43.037260,13,70,1,250
0.376700,43.088810,13,70,1,167
0.427000,43.117370,13,70,1,217
0.419960,43.243800,13,70,1,130
0.174090,43.274500,13,70,1,170
0.047550,43.429140,13,70,1,244
3.041070,42.569980,13,70,1,187
7.382490,48.068080,13,70,1,358
5.177190,46.748020,13,70,2,82
0.756050,47.929320,13,70,2,20
3.088050,48.843500,13,70,2,115
2.032010,43.567300,13,70,1,250
1.810510,43.584500,13,70,1,60
1.983860,43.771330,13,70,1,320
1.806220,43.854790,13,70,1,130
2.287690,43.913110,13,70,1,260
2.203160,43.926310,13,70,1,180
2.201570,43.926980,13,70,1,200
2.186410,43.953190,13,70,1,180
2.167790,43.960300,13,70,1,170
2.157280,43.975630,13,70,1,180
2.270790,43.995900,13,70,1,173
2.239850,44.058280,13,70,1,350
2.239810,44.058430,13,70,1,151
1.838290,44.140270,13,70,1,170
1.159910,43.834040,13,70,1,70
1.431190,44.013950,13,70,1,10
1.248550,44.118770,13,70,1,240
1.550620,44.151800,13,70,1,1
1.548410,44.153730,13,70,1,285
1.186610,45.936380,13,70,2,214
0.880940,45.878250,13,70,1,83
1.177870,45.892070,13,70,1,274
3.335940,49.405700,13,80,1,70
3.458280,49.801000,13,80,1,270
2.889540,46.322890,13,80,1,151
1.656320,42.917760,13,80,1,210
1.724740,42.932690,13,80,1,50
1.724610,42.932800,13,80,1,220
1.370950,43.016340,13,80,1,180
1.083030,43.031350,13,80,1,220
1.740890,43.085270,13,80,1,5
1.738530,43.085810,13,80,1,20
1.602670,43.151740,13,80,1,280
1.416230,43.165610,13,80,1,50
1.634690,43.183790,13,80,1,270
1.632970,43.197150,13,80,1,300
1.624760,43.204880,13,80,1,150
1.631270,43.213550,13,80,1,175
2.219420,42.928330,13,80,1,130
2.247620,42.941590,13,80,1,330
2.259830,42.958630,13,80,1,235
2.242500,43.039100,13,80,1,180
3.104410,43.118050,13,80,1,170
2.293660,43.123360,13,80,1,205
3.129470,43.130660,13,80,1,300
2.298950,43.131530,13,80,1,20
3.132090,43.133380,13,80,1,305
2.293970,43.143760,13,80,1,110
2.898710,43.198100,13,80,1,215
2.883910,43.206860,13,80,1,100
2.827540,43.210500,13,80,1,1
2.868780,43.212600,13,80,1,215
2.379730,43.222250,13,80,1,240
2.202810,43.238410,13,80,1,200
2.174920,43.238970,13,80,1,200
2.235080,43.240040,13,80,1,60
2.228490,43.240090,13,80,1,350
2.424500,43.272440,13,80,1,80
2.434060,43.279540,13,80,1,345
1.794230,43.280020,13,80,1,280
1.779130,43.297300,13,80,1,30
2.802850,43.304350,13,80,1,180
2.491870,43.310110,13,80,1,340
2.857900,43.311210,13,80,1,244
2.756820,43.870270,13,80,1,30
2.500320,43.946550,13,80,1,210
2.935790,44.014290,13,80,1,280
3.147140,44.019530,13,80,1,320
2.343870,44.191730,13,80,1,331
2.211890,44.236230,13,80,1,164
2.518900,44.285650,13,80,1,200
2.502380,44.286450,13,80,1,160
2.495900,44.286500,13,80,1,30
2.264610,44.303310,13,80,1,345
2.128070,44.310970,13,80,1,61
2.549930,44.364580,13,80,1,10
2.645390,44.371610,13,80,1,10
2.264780,44.422390,13,80,1,220
2.075080,44.561800,13,80,1,231
5.154740,43.547630,13,80,1,210
4.693230,44.360990,13,80,1,10
1.230540,48.418090,13,80,2,102
1.428260,48.821750,13,80,2,176
-4.158140,48.272420,13,80,1,141
4.164670,43.860250,13,80,1,36
4.215010,43.863910,13,80,1,15
4.194030,43.883130,13,80,1,296
3.976100,43.933400,13,80,1,42
3.809270,43.954530,13,80,1,356
1.748500,43.469820,13,80,2,160
0.662180,42.928320,13,80,1,158
0.647220,42.961360,13,80,1,0
0.805120,43.204290,13,80,1,280
0.958080,43.258910,13,80,1,330
0.924760,43.259630,13,80,1,110
0.924790,43.259900,13,80,1,300
0.666230,43.295080,13,80,1,280
0.681710,43.314300,13,80,1,285
0.685400,43.318950,13,80,1,295
0.684600,43.334900,13,80,1,20
1.479980,43.337740,13,80,1,20
0.720250,43.351680,13,80,1,310
1.741340,43.352010,13,80,1,35
1.580910,43.357240,13,80,1,150
1.543020,43.360760,13,80,1,185
1.725490,43.361120,13,80,1,35
1.717600,43.370610,13,80,1,55
0.755130,43.375580,13,80,1,85
0.755350,43.375770,13,80,1,300
1.712170,43.376020,13,80,1,55
0.794220,43.398340,13,80,1,310
1.768620,43.429700,13,80,1,150
1.916270,43.448910,13,80,1,30
1.829890,43.462000,13,80,1,130
1.801530,43.580850,13,80,1,350
1.765920,43.581430,13,80,1,10
1.751210,43.581700,13,80,1,180
1.770280,43.597240,13,80,1,185
1.722890,43.616760,13,80,1,220
1.591390,43.741420,13,80,1,100
1.488060,43.851710,13,80,1,45
1.492120,43.872330,13,80,1,45
1.460140,43.874180,13,80,1,50
1.460050,43.874350,13,80,1,240
1.548880,43.914990,13,80,1,30
0.668580,43.658840,13,80,1,263
0.470400,43.350490,13,80,1,116
0.470740,43.352620,13,80,1,119
0.815050,43.422140,13,80,1,120
0.728030,43.436770,13,80,1,85
0.814540,43.467240,13,80,1,150
0.527090,43.480410,13,80,1,23
0.527070,43.480520,13,80,1,189
0.870890,43.557280,13,80,1,120
0.535080,43.568740,13,80,1,326
1.193410,43.593940,13,80,1,168
1.064200,43.615810,13,80,1,182
-0.021470,43.618920,13,80,1,171
0.023670,43.641770,13,80,1,242
0.775860,43.646400,13,80,1,340
0.775750,43.646650,13,80,1,183
0.702720,43.647380,13,80,1,85
0.702550,43.648430,13,80,1,1
-0.006690,43.664350,13,80,1,20
-0.006630,43.664490,13,80,1,160
0.664660,43.665510,13,80,1,160
-0.079980,43.672720,13,80,1,36
0.826010,43.689400,13,80,1,330
0.786770,43.713700,13,80,1,318
0.749390,43.707200,13,80,1,308
0.445940,43.707240,13,80,1,253
0.786560,43.713810,13,80,1,137
0.419680,43.716950,13,80,1,339
0.419670,43.717120,13,80,1,185
0.880610,43.730360,13,80,1,147
0.264820,43.752090,13,80,1,218
0.883470,43.759360,13,80,1,150
0.105610,43.788470,13,80,1,50
0.101440,43.792600,13,80,1,157
0.091590,43.830000,13,80,1,322
0.037270,43.874520,13,80,1,51
0.037310,43.874660,13,80,1,227
0.028170,43.881370,13,80,1,156
0.153070,43.946580,13,80,1,163
-0.021320,43.956740,13,80,1,301
-0.269110,44.204200,13,80,1,105
-0.261150,44.248570,13,80,1,83
-0.095180,44.389310,13,80,1,13
-0.094840,44.389400,13,80,1,220
-0.086090,44.380730,13,80,1,0
-0.219300,44.414660,13,80,1,301
-0.232380,44.458040,13,80,1,99
-0.234160,44.480320,13,80,1,68
3.266360,43.237600,13,80,1,45
3.260710,43.238070,13,80,1,210
3.285300,43.242160,13,80,1,150
3.288390,43.243450,13,80,1,150
3.404290,43.299480,13,80,1,84
3.416670,43.301470,13,80,1,343
3.337750,43.313330,13,80,1,8
3.377860,43.314650,13,80,1,353
2.789960,43.346790,13,80,1,341
2.789800,43.346810,13,80,1,152
3.173680,43.357510,13,80,1,231
3.087750,43.364700,13,80,1,215
2.944350,43.379460,13,80,1,114
3.435120,43.388320,13,80,1,345
3.433950,43.388740,13,80,1,344
2.965360,43.388980,13,80,1,357
3.537310,43.389810,13,80,1,114
3.519170,43.393750,13,80,1,143
3.411210,43.394170,13,80,1,188
3.413260,43.394430,13,80,1,305
3.413810,43.394600,13,80,1,27
2.758420,43.396410,13,80,1,296
2.983680,43.396890,13,80,1,60
2.755460,43.398130,13,80,1,246
2.735680,43.416280,13,80,1,265
3.589190,43.434650,13,80,1,227
3.596930,43.437690,13,80,1,226
3.074070,43.437770,13,80,1,233
3.598040,43.438570,13,80,1,36
3.601380,43.439410,13,80,1,76
3.577690,43.440540,13,80,1,84
3.631960,43.443610,13,80,1,150
2.841360,43.470560,13,80,1,1
2.873720,43.472530,13,80,1,30
3.770100,43.473610,13,80,1,294
3.447000,43.474430,13,80,1,28
3.480820,43.475010,13,80,1,235
2.707940,43.475450,13,80,1,200
3.280950,43.476370,13,80,1,93
3.281090,43.476430,13,80,1,307
3.291370,43.481770,13,80,1,89
3.800650,43.483450,13,80,1,52
2.780290,43.486720,13,80,1,210
3.795400,43.494850,13,80,1,5
3.792650,43.496460,13,80,1,300
3.735670,43.523500,13,80,1,135
3.415470,43.523920,13,80,1,243
3.783430,43.568690,13,80,1,117
3.784250,43.568770,13,80,1,320
2.940500,43.686560,13,80,1,350
3.754490,43.946280,13,80,1,7
-1.702830,48.216650,13,80,1,92
0.313560,47.551810,13,80,1,76
0.600660,47.501600,13,80,2,69
0.945960,47.640040,13,80,2,151
0.954530,47.411200,13,80,1,184
5.238850,45.392620,13,80,2,86
-1.076420,43.544440,13,80,1,357
-0.996350,43.550760,13,80,1,330
-0.729530,43.565800,13,80,1,47
-0.656930,43.577830,13,80,1,53
-0.653640,43.584680,13,80,1,112
-0.653470,43.584730,13,80,1,278
-0.650490,43.591260,13,80,1,158
-0.272760,43.595710,13,80,1,281
-0.921880,43.651250,13,80,1,187
-0.605150,43.654970,13,80,1,241
-0.584890,43.677180,13,80,1,258
-1.002910,43.688350,13,80,1,217
-0.581850,43.688730,13,80,1,87
-0.581650,43.688750,13,80,1,271
-0.581110,43.692670,13,80,1,278
-0.581000,43.694520,13,80,1,74
-1.014910,43.701590,13,80,1,15
-0.578920,43.707850,13,80,1,337
-0.579290,43.707880,13,80,1,62
-0.968040,43.710700,13,80,1,23
-0.578020,43.716380,13,80,1,103
-1.105850,43.733590,13,80,1,33
-1.007340,43.740870,13,80,1,256
-1.003370,43.748300,13,80,1,55
-1.003260,43.748360,13,80,1,249
-0.960450,43.767250,13,80,1,137
-0.937650,43.781980,13,80,1,40
-0.787690,43.830800,13,80,1,203
-0.789560,43.832440,13,80,1,315
-0.725800,43.857370,13,80,1,323
-0.708200,43.860990,13,80,1,101
-0.680550,43.863990,13,80,1,237
-0.667150,43.865400,13,80,1,284
-0.602210,43.869230,13,80,1,148
-0.496730,43.869800,13,80,1,16
-0.603720,43.870430,13,80,1,29
-0.407500,43.941860,13,80,1,270
-1.260290,44.022010,13,80,1,80
-0.341150,44.037280,13,80,1,118
-0.338860,44.038190,13,80,1,22
-0.342460,44.038090,13,80,1,19
-0.054480,44.065870,13,80,1,112
0.016200,44.131880,13,80,1,272
1.980520,47.804720,13,80,1,17
1.507700,44.456830,13,80,1,330
1.989620,44.594830,13,80,1,183
1.971900,44.597640,13,80,1,29
2.003130,44.616020,13,80,1,310
1.922530,44.621570,13,80,1,352
1.940240,44.622790,13,80,1,270
1.937800,44.624590,13,80,1,53
1.881340,44.627080,13,80,1,54
1.865230,44.633530,13,80,1,335
1.858080,44.639690,13,80,1,88
1.828500,44.664130,13,80,1,323
1.828720,44.664380,13,80,1,208
1.735830,44.677380,13,80,1,357
1.651340,44.677770,13,80,1,30
1.915800,44.699960,13,80,1,50
1.873300,44.724780,13,80,1,30
1.873390,44.724970,13,80,1,260
1.856220,44.731870,13,80,1,185
1.695300,44.794110,13,80,1,120
1.667920,44.803700,13,80,1,60
1.857720,44.898740,13,80,1,250
1.636750,44.910330,13,80,1,280
0.070350,44.493480,13,80,1,127
0.071000,44.493780,13,80,1,325
0.159450,44.449930,13,80,1,207
0.038010,44.454470,13,80,2,298
0.518720,44.077280,13,80,1,355
0.510170,44.134220,13,80,1,331
0.396910,44.134370,13,80,1,135
0.497870,44.137700,13,80,1,205
0.446060,44.146080,13,80,1,195
0.552040,44.171230,13,80,1,55
0.552240,44.171430,13,80,1,164
0.236190,44.182460,13,80,1,85
0.236300,44.182590,13,80,1,197
0.609880,44.187620,13,80,1,59
0.604750,44.205120,13,80,1,56
0.062550,44.286720,13,80,1,77
-1.534390,49.641850,13,80,2,156
-1.196160,48.639850,13,80,1,81
-1.195450,48.640020,13,80,1,205
-1.193060,48.637330,13,80,1,285
-1.194260,48.638480,13,80,2,252
-0.486350,48.042650,13,80,1,38
-0.824800,48.018700,13,80,1,116
-0.826090,48.017100,13,80,2,112
2.371250,50.931320,13,80,1,266
2.370830,50.931150,13,80,1,235
3.061350,50.651580,13,80,1,280
2.717500,50.330680,13,80,2,14
2.840510,46.178050,13,80,2,19
-0.570750,42.802930,13,80,1,184
-0.610090,42.962830,13,80,1,126
-0.601370,42.996880,13,80,1,305
-0.603410,43.003220,13,80,1,13
-0.601470,43.050010,13,80,1,160
-0.606320,43.071880,13,80,1,57
-0.606280,43.071920,13,80,1,186
-0.624980,43.109970,13,80,1,86
-1.155150,43.197790,13,80,1,221
-1.150620,43.200040,13,80,1,78
-0.082620,43.248260,13,80,1,346
-0.082910,43.248420,13,80,1,165
-0.172490,43.249970,13,80,1,54
-0.691370,43.252520,13,80,1,235
-0.726520,43.262480,13,80,1,79
-1.345940,43.269430,13,80,1,321
-1.345920,43.269460,13,80,1,57
-0.326100,43.280410,13,80,1,325
-0.271890,43.292810,13,80,1,299
-0.326090,43.293450,13,80,1,293
-1.356750,43.316690,13,80,1,280
-0.250870,43.328840,13,80,1,70
-1.400010,43.332180,13,80,1,33
-0.275600,43.336080,13,80,1,164
-0.274750,43.336110,13,80,1,311
-0.267300,43.336870,13,80,1,294
-0.268780,43.336950,13,80,1,35
-0.269580,43.337030,13,80,1,219
-0.395120,43.339100,13,80,1,11
-0.250700,43.340430,13,80,1,306
-0.250890,43.340490,13,80,1,142
-0.470150,43.342490,13,80,1,218
-1.004260,43.346720,13,80,1,331
-0.978090,43.348580,13,80,1,328
-0.802130,43.352630,13,80,1,47
-1.417810,43.353730,13,80,1,329
-1.544680,43.365320,13,80,1,264
-0.842770,43.371080,13,80,1,12
-0.958240,43.380550,13,80,1,330
-0.761850,43.393580,13,80,1,83
-1.530930,43.396950,13,80,1,297
-1.548940,43.417670,13,80,1,65
-0.663850,43.436690,13,80,1,257
-0.657200,43.459370,13,80,1,101
-0.911830,43.464910,13,80,1,164
-0.609260,43.484150,13,80,1,283
-0.326480,43.484200,13,80,1,71
-0.327000,43.487910,13,80,1,122
-0.816800,43.489630,13,80,1,60
-0.573380,43.492610,13,80,1,80
-0.860810,43.506960,13,80,1,203
-0.548660,43.509720,13,80,1,326
-0.852560,43.510240,13,80,1,179
-0.617080,43.511440,13,80,1,354
-0.619850,43.513010,13,80,1,13
-0.625670,43.518020,13,80,1,55
-0.625410,43.518020,13,80,1,209
-0.627370,43.518800,13,80,1,155
-0.885930,43.520740,13,80,1,277
-0.636870,43.523460,13,80,1,173
-0.663020,43.565760,13,80,1,285
0.352570,42.880660,13,80,1,49
0.370600,43.045630,13,80,1,111
0.157360,43.054300,13,80,1,270
0.484620,43.097620,13,80,1,9
0.377090,43.102350,13,80,1,255
0.378460,43.102530,13,80,1,350
0.457850,43.105450,13,80,1,0
0.452390,43.106990,13,80,1,31
-0.074510,43.113880,13,80,1,139
0.237000,43.114660,13,80,1,215
-0.032780,43.116110,13,80,1,306
-0.079250,43.128490,13,80,1,85
-0.027960,43.130700,13,80,1,128
-0.097810,43.148630,13,80,1,245
0.024450,43.166080,13,80,1,80
0.024520,43.167030,13,80,1,280
-0.112290,43.170480,13,80,1,217
0.013850,43.217000,13,80,1,151
0.011020,43.245570,13,80,1,1
-0.114510,43.248080,13,80,1,351
-0.114660,43.249250,13,80,1,175
-0.119820,43.250490,13,80,1,177
0.174370,43.274390,13,80,1,345
0.072400,43.288230,13,80,1,266
0.085350,43.280230,13,80,1,322
0.258070,43.306560,13,80,1,180
0.459870,43.318150,13,80,1,281
0.464290,43.331480,13,80,1,293
0.053390,43.401620,13,80,1,45
0.049800,43.421880,13,80,1,122
-0.021450,43.579190,13,80,1,278
-0.018830,43.599990,13,80,1,265
1.983970,42.437080,13,80,1,338
2.002090,42.439510,13,80,1,307
2.015460,42.445640,13,80,1,311
2.032200,42.454520,13,80,1,352
2.056820,42.480130,13,80,1,220
2.404170,42.608350,13,80,1,161
2.456980,42.631180,13,80,1,141
2.457930,42.631400,13,80,1,331
2.482330,42.806380,13,80,1,110
7.417660,48.267640,13,80,1,279
7.417030,48.267890,13,80,1,97
5.313030,46.715580,13,80,1,129
0.696950,47.934470,13,80,2,216
3.148530,48.680550,13,80,2,36
2.085840,43.464110,13,80,1,140
2.400110,43.501170,13,80,1,78
2.400820,43.501250,13,80,1,353
2.072420,43.519770,13,80,1,140
2.063850,43.558090,13,80,1,180
2.092880,43.617410,13,80,1,10
2.287240,43.621010,13,80,1,320
2.101380,43.629670,13,80,1,30
1.877540,43.638930,13,80,1,30
2.319260,43.642560,13,80,1,170
1.808230,43.655830,13,80,1,280
1.808050,43.655860,13,80,1,130
2.111510,43.668590,13,80,1,310
2.266230,43.700490,13,80,1,120
2.831370,43.705780,13,80,1,250
2.785520,43.706950,13,80,1,30
2.698270,43.722920,13,80,1,251
2.059650,43.770620,13,80,1,1
2.138590,43.782020,13,80,1,20
2.139160,43.782030,13,80,1,200
2.169700,43.816200,13,80,1,160
2.165660,43.889710,13,80,1,45
2.166030,43.889740,13,80,1,330
2.163590,43.880070,13,80,1,280
2.157810,43.891380,13,80,1,200
2.155580,43.895630,13,80,1,150
1.865540,43.804210,13,80,1,230
1.748080,43.809190,13,80,1,210
1.672410,43.914070,13,80,1,320
1.692470,43.914300,13,80,1,5
2.108440,43.916060,13,80,1,325
2.110970,43.916350,13,80,1,359
2.109260,43.916560,13,80,1,330
2.070790,43.917740,13,80,1,150
2.113790,43.917960,13,80,1,1
2.071480,43.918040,13,80,1,340
2.262550,43.919640,13,80,1,180
2.488620,43.943170,13,80,1,268
2.187480,43.953040,13,80,1,30
2.186450,43.953090,13,80,1,15
2.138610,43.955550,13,80,1,0
2.140670,43.955950,13,80,1,150
2.168680,43.963240,13,80,1,60
2.168190,43.963890,13,80,1,70
2.157600,43.969160,13,80,1,100
1.798330,43.970030,13,80,1,320
2.336230,43.972570,13,80,1,80
1.717850,43.982130,13,80,1,150
1.678680,43.983660,13,80,1,320
1.676100,43.983980,13,80,1,70
1.710250,43.988350,13,80,1,250
2.122860,44.008780,13,80,1,285
2.293440,44.009720,13,80,1,335
2.301730,44.010310,13,80,1,116
2.291410,44.013170,13,80,1,339
2.291670,44.013460,13,80,1,220
2.170490,44.066510,13,80,1,145
2.219110,44.110260,13,80,1,105
2.225800,44.113040,13,80,1,200
2.116260,44.150390,13,80,1,318
1.159920,43.834160,13,80,1,258
1.294170,43.836400,13,80,1,1
0.932930,43.845480,13,80,1,130
0.934230,43.846040,13,80,1,330
0.973530,43.873960,13,80,1,280
1.033890,43.802460,13,80,1,325
1.392650,43.809800,13,80,1,205
1.106450,43.928150,13,80,1,340
1.501770,43.928970,13,80,1,5
1.463400,43.944100,13,80,1,15
1.155940,43.945600,13,80,1,207
1.150720,43.946840,13,80,1,310
1.137630,43.985510,13,80,1,292
1.587550,44.002290,13,80,1,85
1.112620,44.020110,13,80,1,7
1.137420,44.028540,13,80,1,250
1.656720,44.060870,13,80,1,105
1.646000,44.063360,13,80,1,10
1.614860,44.071910,13,80,1,300
1.602290,44.098870,13,80,1,80
1.598430,44.104570,13,80,1,70
1.592680,44.113230,13,80,1,240
1.586030,44.122960,13,80,1,30
1.580080,44.131820,13,80,1,280
1.578320,44.134430,13,80,1,240
1.206040,44.134540,13,80,1,160
1.806300,44.139600,13,80,1,60
1.563810,44.141090,13,80,1,45
1.631640,44.180120,13,80,1,310
0.885330,45.888480,13,80,1,175
0.876840,45.857490,13,80,2,146
0.898000,45.878640,13,80,1,3
0.891560,45.869550,13,80,1,314
1.216100,45.867200,13,80,1,95
1.212880,45.872210,13,80,1,87
1.186700,45.888160,13,80,1,249
1.177650,45.892330,13,80,1,108
1.173050,45.806590,13,80,1,71
3.980380,47.486260,13,80,1,166
3.809990,47.717480,13,80,2,3
3.992220,47.502620,13,80,2,260
3.610980,47.955250,13,80,2,271
2.573280,49.054080,13,80,1,249
1.604060,43.227300,13,110,1,260
2.345140,44.159190,13,110,1,105
