X,Y,TYPE,SPEED,DIRTYPE,DIRECTION
4.209980,43.678920,7,18,0,0
4.993570,43.925900,7,18,2,164
1.170220,49.190660,7,19,2,91
4.785330,46.277240,7,19,0,0
-0.083390,47.810870,7,19,2,55
1.082730,49.440890,7,19,1,304
2.510440,48.953820,7,19,2,230
6.838590,44.149970,7,20,0,0
2.202520,44.585810,7,20,2,108
5.437280,43.577830,7,20,2,170
4.963900,47.153060,7,20,2,104
4.717300,44.489870,7,20,0,0
4.750800,44.593500,7,20,2,83
4.750870,44.595040,7,20,2,96
4.627080,44.161010,7,20,2,78
0.973120,43.180780,7,20,0,0
-0.926220,44.212520,7,20,2,119
3.902120,45.121620,7,20,0,0
3.501030,45.120710,7,20,1,94
-1.856270,47.344720,7,20,2,7
2.918980,49.503780,7,20,0,0
6.106570,47.631730,7,20,2,38
1.029230,49.303540,7,20,2,1
2.588060,48.867900,7,20,2,85
1.998260,48.945710,7,20,0,0
6.311070,43.369940,7,20,2,174
-0.906420,46.418530,7,20,2,22
-0.683140,46.412010,7,20,2,37
2.228900,49.022000,7,20,2,30
3.252120,49.858290,7,21,2,18
5.071310,43.745190,7,21,2,72
-2.587780,47.725280,7,21,2,164
6.102060,47.634040,7,21,2,26
4.910140,46.497120,7,21,2,121
3.280930,48.789660,7,21,2,22
5.053270,43.910930,7,21,0,0
3.970920,47.860520,7,21,2,56
-1.011020,49.233280,7,22,2,175
4.140560,44.037090,7,22,2,36
5.720290,45.192430,7,22,2,93
5.724130,45.192720,7,22,2,79
5.729440,45.194070,7,22,2,46
5.730660,45.194940,7,22,2,45
-1.517710,48.844730,7,22,2,157
-0.397670,48.156200,7,22,2,87
-3.431970,47.982380,7,22,2,1
5.026380,43.959590,7,22,2,187
-0.870450,46.373650,7,22,2,135
3.139230,46.149530,7,23,2,86
3.140270,46.147250,7,23,2,43
6.615370,44.322480,7,23,2,119
7.270070,43.696570,7,23,1,161
2.757740,43.197370,7,23,2,18
4.941890,43.589410,7,23,2,180
5.072800,43.741550,7,23,2,66
4.740980,44.548110,7,23,2,90
4.101980,45.964490,7,23,0,0
-1.746750,46.996090,7,23,2,137
-1.023210,47.373690,7,23,0,0
3.304950,44.664000,7,23,0,0
2.371680,51.035730,7,23,2,133
3.477600,45.960760,7,23,2,95
-0.439890,43.327100,7,23,2,42
2.164830,48.805430,7,23,2,176
5.437180,43.704160,7,23,2,1
3.865810,47.938100,7,23,2,30
3.439440,46.090360,7,24,2,113
3.440460,46.092330,7,24,2,129
7.257550,43.702990,7,24,2,161
7.263440,43.695120,7,24,1,172
7.280510,43.703400,7,24,1,28
4.752180,43.849040,7,24,2,117
4.772910,43.878420,7,24,2,105
0.220500,49.179090,7,24,2,86
1.332210,45.468960,7,24,2,3
4.703300,44.369620,7,24,2,148
1.225410,49.236450,7,24,2,101
1.616010,48.501770,7,24,2,145
0.599590,43.653170,7,24,2,149
-0.700990,44.771230,7,24,2,108
3.882810,43.606400,7,24,2,114
3.911580,45.186630,7,24,1,150
4.046280,49.076390,7,24,0,0
5.784920,49.307470,7,24,2,125
2.471720,49.234430,7,24,0,0
-1.470650,43.494980,7,24,2,129
7.530840,48.563100,7,24,0,0
7.685140,48.521280,7,24,2,103
0.251650,48.340320,7,24,2,150
1.103320,49.597120,7,24,2,131
1.199820,49.508480,7,24,2,148
2.128800,48.891780,7,24,2,120
2.129000,48.891980,7,24,2,118
2.137480,48.889170,7,24,2,35
4.815760,44.139490,7,24,2,52
4.867350,44.014550,7,24,2,105
4.998680,44.037320,7,24,0,0
5.333150,44.047890,7,24,0,0
2.096390,49.027500,7,24,2,30
2.331270,48.969640,7,24,2,329
5.335990,46.037330,7,25,2,110
3.341050,46.566470,7,25,2,99
6.853950,44.089430,7,25,2,64
6.858040,44.092790,7,25,2,73
2.972310,43.017640,7,25,2,151
-0.696810,49.269480,7,25,2,168
-0.531680,46.075210,7,25,2,106
4.313260,47.380440,7,25,0,0
5.983870,47.031220,7,25,0,0
6.037830,47.251430,7,25,2,34
4.745410,44.561710,7,25,2,122
4.596280,43.917440,7,25,2,28
4.618080,44.161810,7,25,2,28
0.608910,42.867650,7,25,2,128
-0.314280,44.895320,7,25,2,18
-1.682090,48.121210,7,25,1,214
-1.674820,48.083670,7,25,1,181
5.973690,44.789300,7,25,0,0
3.924950,45.153210,7,25,0,0
-1.343970,49.383670,7,25,2,47
5.142260,47.676870,7,25,2,10
3.078780,50.649160,7,25,2,35
-0.372860,48.703320,7,25,2,56
7.728280,48.578900,7,25,2,134
7.409810,47.746470,7,25,2,45
4.753900,46.080010,7,25,0,0
4.040020,46.402110,7,25,2,140
4.797620,46.273100,7,25,2,112
4.876970,46.422010,7,25,2,95
-0.339170,47.842570,7,25,2,135
0.369520,48.029840,7,25,2,162
0.408560,48.040950,7,25,2,71
4.798720,43.941420,7,25,2,12
-1.023700,46.467460,7,25,2,14
1.192770,45.540730,7,25,2,41
3.338260,47.985460,7,25,2,11
7.073960,43.566530,7,26,1,236
7.278990,43.710430,7,26,2,184
4.998790,43.413480,7,26,2,151
5.003930,43.413620,7,26,2,156
0.043860,45.271120,7,26,0,0
2.485950,46.724220,7,26,2,48
2.614230,47.038260,7,26,0,0
4.712820,47.411250,7,26,2,36
6.362140,47.354470,7,26,2,19
4.691240,44.376570,7,26,2,90
1.215760,49.287320,7,26,0,0
1.374250,48.732580,7,26,2,130
-4.491680,48.383460,7,26,2,40
-4.491170,48.383840,7,26,2,40
-3.515660,47.852720,7,26,2,24
1.219470,43.304140,7,26,2,162
-0.966710,44.636960,7,26,2,131
-0.232110,44.935360,7,26,2,111
3.411820,43.408540,7,26,1,333
3.412410,43.394280,7,26,2,70
3.968950,43.552370,7,26,1,189
-1.756800,48.016480,7,26,0,0
-1.755500,48.013010,7,26,0,0
5.496350,45.179220,7,26,0,0
5.893700,46.775570,7,26,0,0
3.911890,45.186890,7,26,1,326
1.904520,47.914380,7,26,2,173
1.932000,47.721200,7,26,0,0
2.746230,47.998230,7,26,2,77
0.630740,44.205910,7,26,0,0
6.183150,48.686130,7,26,2,65
-3.371520,47.757380,7,26,0,0
-2.730520,47.673340,7,26,0,0
-2.717040,47.685580,7,26,2,123
0.091400,48.456490,7,26,2,53
1.621550,50.776930,7,26,0,0
3.028390,42.729220,7,26,2,81
7.488020,47.634710,7,26,2,77
4.768820,45.460830,7,26,2,154
0.116580,49.484340,7,26,2,162
1.070710,49.552330,7,26,2,109
1.072390,49.556320,7,26,2,92
1.094300,49.443640,7,26,1,207
2.600450,48.876000,7,26,1,84
2.602490,48.876160,7,26,1,263
2.755530,48.434970,7,26,2,128
1.942590,48.755550,7,26,2,155
2.137250,48.888720,7,26,2,32
2.139830,48.888290,7,26,2,114
2.264760,49.927980,7,26,2,25
6.003500,43.115600,7,26,2,25
6.162580,43.122230,7,26,2,119
6.032310,43.143790,7,26,2,128
5.314160,44.063590,7,26,0,0
1.473220,45.989780,7,26,2,134
1.478240,45.993280,7,26,2,147
2.371070,48.715020,7,26,2,127
2.383480,48.678990,7,26,2,40
2.430800,48.638090,7,26,1,139
2.363800,48.742220,7,26,1,170
2.115780,49.045190,7,26,2,118
2.085990,42.758110,7,27,2,24
2.515880,43.185360,7,27,2,12
-0.028240,45.600960,7,27,2,135
1.530280,46.091510,7,27,0,0
6.101330,46.861210,7,27,2,33
-3.914740,47.887890,7,27,2,68
4.170110,43.715360,7,27,0,0
0.589280,43.056710,7,27,2,69
5.324340,45.151140,7,27,0,0
4.379050,45.443500,7,27,2,105
4.256220,45.311950,7,27,0,0
4.345100,45.219810,7,27,0,0
-1.318770,47.111650,7,27,2,55
-1.645290,49.613100,7,27,0,0
2.222690,51.000700,7,27,0,0
2.487850,50.799960,7,27,2,49
3.939210,50.122910,7,27,2,51
3.237370,45.773030,7,27,2,115
2.481780,42.837820,7,27,2,167
2.501990,42.813660,7,27,2,8
5.565890,47.449750,7,27,2,181
5.759660,47.822220,7,27,2,170
0.168550,48.053770,7,27,1,19
0.549380,49.600540,7,27,2,178
0.746400,49.622060,7,27,2,128
1.096260,49.437170,7,27,2,9
2.569270,48.875470,7,27,2,28
-0.605930,46.717510,7,27,0,0
1.805190,43.852660,7,27,2,121
4.806670,43.953300,7,27,2,35
0.399150,46.153260,7,27,2,183
3.384030,47.972510,7,27,2,28
2.153420,48.694650,7,27,0,0
2.162450,48.695260,7,27,2,140
2.485730,48.867320,7,27,2,95
2.280810,49.148750,7,27,2,142
6.907210,43.862080,7,28,2,175
5.684580,43.449270,7,28,2,176
0.118150,45.628280,7,28,2,141
1.735840,45.274540,7,28,0,0
1.741670,45.271160,7,28,2,27
0.855870,45.089300,7,28,2,27
1.242540,48.452210,7,28,2,177
-3.965710,48.221170,7,28,2,122
4.217480,43.964720,7,28,0,0
1.086560,43.214040,7,28,0,0
4.029170,43.661500,7,28,2,174
0.515340,47.575990,7,28,0,0
0.628470,47.494850,7,28,0,0
5.422560,45.398070,7,28,2,94
6.501350,49.013170,7,28,2,149
7.246780,48.727360,7,28,2,171
7.261770,48.766590,7,28,0,0
2.432150,50.967000,7,28,0,0
2.532520,51.046280,7,28,2,159
0.846630,48.380930,7,28,2,99
7.829580,48.748080,7,28,2,155
4.718470,45.940620,7,28,2,56
4.861820,45.760510,7,28,2,181
4.012690,46.247250,7,28,2,30
4.899040,46.599440,7,28,2,68
-0.076120,48.173880,7,28,2,23
0.198790,47.993650,7,28,2,23
1.079000,49.568410,7,28,2,101
2.194430,48.915980,7,28,2,34
6.059950,43.237290,7,28,0,0
6.193800,43.298820,7,28,2,170
4.805400,43.951960,7,28,2,108
4.816070,43.952540,7,28,1,112
5.007500,44.045590,7,28,2,44
0.340740,46.582000,7,28,2,49
1.329650,45.881260,7,28,2,149
4.227360,47.667350,7,28,2,42
2.350160,48.673890,7,28,2,96
5.653390,45.847950,7,29,2,95
6.428950,43.791580,7,29,2,61
4.492890,45.024570,7,29,2,145
2.353470,43.218380,7,29,2,24
2.822830,44.372210,7,29,2,80
4.876330,44.889650,7,29,0,0
-1.116230,45.520260,7,29,2,107
3.170520,43.697120,7,29,0,0
4.013440,43.655760,7,29,2,161
3.988160,45.203220,7,29,0,0
4.946000,48.064520,7,29,2,118
3.180560,46.992310,7,29,2,33
2.406400,49.591640,7,29,0,0
1.675000,50.656360,7,29,2,29
-0.156940,48.156390,7,29,2,131
5.769720,43.139150,7,29,1,23
0.379760,46.677760,7,29,2,113
3.977010,47.858510,7,29,2,44
2.307150,48.632880,7,29,2,185
4.887860,46.261700,7,30,2,189
7.022790,43.553790,7,30,2,141
2.457220,43.195030,7,30,1,358
2.946340,43.091360,7,30,2,115
2.003780,44.266500,7,30,2,66
5.022620,43.575350,7,30,2,32
5.566000,43.469140,7,30,2,171
5.597900,43.346050,7,30,2,83
0.063490,49.103120,7,30,2,150
3.152720,45.032550,7,30,0,0
6.033460,47.234140,7,30,2,145
6.067320,47.263760,7,30,2,112
6.166950,47.200220,7,30,2,4
6.201370,47.293710,7,30,2,131
6.215390,46.870280,7,30,0,0
4.829470,44.779090,7,30,2,119
4.213630,43.947900,7,30,2,103
4.328150,43.813660,7,30,2,143
3.172790,43.592240,7,30,0,0
3.283950,43.325480,7,30,0,0
3.293600,43.305710,7,30,2,130
3.454520,43.609170,7,30,2,101
1.992130,46.957900,7,30,0,0
0.621370,47.497990,7,30,0,0
0.840190,47.366800,7,30,2,179
4.817630,45.567110,7,30,2,49
5.375370,45.080210,7,30,0,0
5.421400,45.166830,7,30,0,0
5.700120,45.043600,7,30,2,221
5.350690,46.419050,7,30,2,56
5.786010,47.017930,7,30,0,0
3.590210,45.029630,7,30,0,0
3.738070,45.141570,7,30,2,30
3.907740,45.121700,7,30,2,165
-1.906400,47.365630,7,30,2,45
-1.359620,47.412470,7,30,0,0
1.801240,47.883770,7,30,0,0
1.421410,44.462720,7,30,2,127
1.467750,44.476270,7,30,2,173
3.738030,44.837840,7,30,2,27
-0.417670,47.739300,7,30,2,167
-1.576030,48.843680,7,30,2,6
4.022780,49.322880,7,30,2,90
4.318070,49.128290,7,30,2,76
4.666860,49.100180,7,30,2,31
5.114170,48.483540,7,30,2,92
-0.817970,48.065240,7,30,2,119
-3.076490,47.910530,7,30,0,0
3.111330,46.791810,7,30,2,108
3.167710,46.731440,7,30,2,70
1.761220,49.673730,7,30,2,178
2.083260,49.433940,7,30,2,33
2.363060,49.167600,7,30,0,0
2.621230,49.320830,7,30,2,138
-0.588830,48.812420,7,30,0,0
2.260700,50.756410,7,30,2,18
2.462720,50.630930,7,30,2,97
3.159870,45.983360,7,30,2,124
2.866350,42.769740,7,30,2,73
7.729670,48.577290,7,30,2,75
7.730170,48.576420,7,30,2,64
7.299730,47.907260,7,30,2,109
4.773540,45.896360,7,30,2,133
4.162020,46.470170,7,30,2,135
0.191210,48.185970,7,30,0,0
0.324460,47.612100,7,30,2,57
0.639130,48.188310,7,30,2,115
0.160390,48.145800,7,30,2,133
5.842900,45.687950,7,30,2,112
6.450660,45.603440,7,30,2,90
6.565050,45.507910,7,30,2,109
6.934920,45.994330,7,30,2,106
0.793480,49.630520,7,30,2,144
1.103100,49.347200,7,30,2,49
2.157800,48.950850,7,30,2,127
-0.679510,46.194850,7,30,2,127
-0.440580,46.989930,7,30,2,65
2.417710,50.199580,7,30,0,0
2.731650,50.091000,7,30,2,121
1.934560,44.153370,7,30,2,66
1.939060,43.957670,7,30,0,0
1.953300,44.150400,7,30,0,0
1.717540,44.133590,7,30,0,0
6.187630,43.297900,7,30,2,169
0.323060,46.490180,7,30,2,91
2.368370,48.529060,7,30,2,136
2.543700,48.672740,7,30,2,57
2.191210,48.815900,7,30,2,132
2.505670,48.890300,7,30,2,3
2.479590,48.812400,7,30,2,110
3.570090,46.528970,7,31,2,169
3.678580,46.526590,7,31,2,173
6.192430,44.066700,7,31,2,49
6.981080,44.053000,7,31,2,16
6.988950,44.093660,7,31,2,111
6.991610,44.005460,7,31,0,0
7.178440,43.913410,7,31,2,122
4.332970,44.465730,7,31,2,36
4.762030,45.319770,7,31,2,49
1.635800,42.925600,7,31,2,180
1.825880,42.631460,7,31,2,188
2.763430,43.198610,7,31,2,160
2.104390,44.523840,7,31,2,90
5.015350,43.578220,7,31,2,164
5.179670,43.500590,7,31,2,22
5.497510,43.470790,7,31,2,1
0.111990,45.623210,7,31,2,117
5.402980,47.155630,7,31,2,33
5.846040,47.194900,7,31,0,0
4.744250,44.558160,7,31,2,89
1.437740,48.218780,7,31,2,154
-4.149630,48.485030,7,31,2,12
4.261210,43.668170,7,31,2,94
4.389770,43.847760,7,31,2,173
3.240090,43.414190,7,31,0,0
3.436130,43.628270,7,31,2,95
3.436640,43.631310,7,31,0,0
-1.677540,48.081160,7,31,1,323
-1.650750,48.106120,7,31,0,0
0.580410,47.078630,7,31,2,83
5.740700,45.188790,7,31,2,133
5.353180,46.431370,7,31,2,97
5.471790,47.097280,7,31,2,177
2.047470,47.425450,7,31,2,97
3.770010,46.198940,7,31,2,114
1.641560,44.486660,7,31,0,0
4.098000,49.226410,7,31,2,29
5.234100,49.546870,7,31,2,84
6.852570,49.141490,7,31,2,33
2.418070,49.583900,7,31,0,0
1.847020,50.960170,7,31,0,0
3.214830,46.056550,7,31,2,56
3.227200,46.034730,7,31,2,111
-0.379640,43.303730,7,31,2,168
2.251560,42.532520,7,31,0,0
7.470460,48.618920,7,31,2,63
4.723680,45.936870,7,31,2,35
2.807440,48.365280,7,31,2,22
2.975390,48.366060,7,31,2,5
-0.676320,46.197710,7,31,2,135
-0.639310,46.217510,7,31,2,2
6.095000,43.364790,7,31,2,192
4.997740,43.926660,7,31,2,156
5.048410,43.917060,7,31,0,0
5.164740,43.864160,7,31,0,0
0.608280,46.934500,7,31,2,1
2.003830,48.311820,7,31,2,90
2.465150,48.824050,7,31,1,171
2.465330,48.824240,7,31,1,349
2.257810,48.948570,7,31,2,63
2.258620,48.948610,7,31,2,315
2.259520,48.949020,7,31,2,161
2.301120,48.976380,7,31,2,174
2.387700,48.974760,7,31,2,44
5.198930,45.903800,7,32,2,136
5.549480,46.111340,7,32,2,55
2.435040,46.366810,7,32,2,166
3.461760,46.074190,7,32,2,86
6.256050,44.234200,7,32,2,32
6.477346,44.877319,7,32,2,89
6.756850,44.131300,7,32,2,70
6.914760,43.857940,7,32,2,153
6.993310,43.719880,7,32,2,97
7.197560,43.663410,7,32,2,158
4.779880,44.802070,7,32,2,153
2.175520,43.243160,7,32,2,9
2.219710,44.546870,7,32,2,92
4.870990,43.639150,7,32,2,176
5.001050,43.580950,7,32,2,10
5.025360,43.445400,7,32,2,26
5.313260,43.516670,7,32,2,14
5.314940,43.516450,7,32,2,53
5.363380,43.294890,7,32,1,147
5.365580,43.292150,7,32,1,329
5.382400,43.293110,7,32,2,167
5.394490,43.282610,7,32,2,85
2.057220,47.125380,7,32,0,0
1.655620,45.186420,7,32,2,114
2.302440,45.571700,7,32,2,57
5.032110,47.311840,7,32,2,79
0.673280,45.202060,7,32,0,0
4.817410,45.177120,7,32,2,101
4.848990,45.070690,7,32,2,74
5.307480,44.299160,7,32,0,0
5.481890,45.082460,7,32,0,0
1.454590,49.348100,7,32,0,0
1.585810,48.534510,7,32,0,0
-3.838400,48.578720,7,32,2,40
4.684250,44.149760,7,32,0,0
3.056970,43.579560,7,32,0,0
-2.020460,48.633820,7,32,2,85
-1.483890,48.111240,7,32,0,0
-1.479960,48.110910,7,32,0,0
5.718070,45.182950,7,32,2,83
5.415250,47.005920,7,32,2,54
5.600600,46.796110,7,32,0,0
5.696270,46.841230,7,32,2,154
1.382390,47.629390,7,32,0,0
1.505320,47.705350,7,32,2,162
1.530910,47.286970,7,32,2,25
3.873700,45.812120,7,32,0,0
4.380420,45.445220,7,32,2,156
4.390170,45.447230,7,32,0,0
1.888530,44.951720,7,32,2,164
-0.156400,47.129000,7,32,2,34
4.032260,49.286620,7,32,2,96
-0.910330,48.319720,7,32,0,0
5.936710,48.694350,7,32,2,127
6.172780,49.394770,7,32,2,98
6.435500,49.270370,7,32,2,12
6.863740,49.117320,7,32,2,23
3.221190,46.684950,7,32,2,49
3.402300,47.396110,7,32,1,359
3.087260,50.635830,7,32,2,120
7.524890,48.019590,7,32,2,127
4.590000,45.797100,7,32,2,131
4.822420,45.633280,7,32,2,118
4.747130,46.908600,7,32,2,41
6.125040,45.904570,7,32,1,213
0.415640,49.603160,7,32,2,159
0.824220,49.459690,7,32,2,20
1.047940,49.534410,7,32,2,135
2.984540,48.365650,7,32,2,10
1.520420,48.925690,7,32,2,113
1.846670,48.971590,7,32,2,154
1.956320,49.009140,7,32,0,0
2.003950,48.982790,7,32,2,58
2.081610,48.959080,7,32,2,100
-0.655750,46.816380,7,32,2,194
2.335580,49.881970,7,32,2,24
1.906430,44.152270,7,32,0,0
1.903890,44.148620,7,32,0,0
5.935890,43.118300,7,32,1,272
5.936430,43.121370,7,32,2,27
6.088140,43.377480,7,32,2,28
4.712020,44.240520,7,32,2,103
4.801950,43.951040,7,32,2,28
4.805460,43.953230,7,32,2,64
4.809560,44.147790,7,32,0,0
0.398700,46.564920,7,32,2,125
3.267440,48.196100,7,32,2,65
3.293750,48.078310,7,32,0,0
3.295790,48.088530,7,32,0,0
3.577000,47.529950,7,32,2,163
6.888170,47.589570,7,32,2,15
2.381390,48.684430,7,32,2,118
2.490650,48.631120,7,32,2,171
2.286920,48.904630,7,32,2,53
2.297210,48.744130,7,32,2,126
2.526050,48.796350,7,32,2,92
2.181040,48.978980,7,32,2,65
5.740670,44.566480,7,33,2,174
7.034110,43.546140,7,33,2,46
7.132390,43.647560,7,33,2,168
4.463140,48.239730,7,33,2,17
4.665040,43.801790,7,33,2,101
5.050840,43.539990,7,33,2,83
5.240350,43.618480,7,33,2,94
5.307530,43.515840,7,33,2,153
5.318220,43.546660,7,33,2,88
-0.362950,49.184050,7,33,2,89
0.102870,45.607970,7,33,2,120
0.157590,45.715230,7,33,2,78
0.188830,45.880560,7,33,2,100
1.763910,45.253260,7,33,0,0
5.149120,46.988630,7,33,2,111
-2.659130,48.177010,7,33,2,76
1.478730,46.284600,7,33,0,0
0.303900,44.837240,7,33,2,10
0.325740,44.835290,7,33,2,170
6.492060,47.396150,7,33,2,82
1.059150,48.762600,7,33,0,0
1.223840,49.230990,7,33,2,96
1.344570,48.701930,7,33,0,0
1.451720,48.442380,7,33,0,0
1.472370,48.919870,7,33,0,0
1.546350,48.503920,7,33,2,136
1.669420,48.596470,7,33,1,134
1.669740,48.596650,7,33,1,325
4.374180,43.841110,7,33,2,71
0.578510,43.076880,7,33,2,40
0.712060,43.096990,7,33,2,115
1.177050,43.373240,7,33,0,0
0.444320,43.618990,7,33,2,21
-0.191510,44.574940,7,33,2,171
3.431430,43.465200,7,33,2,70
5.911570,46.853070,7,33,0,0
4.387850,45.447150,7,33,0,0
3.585900,45.040320,7,33,0,0
4.288900,45.270770,7,33,0,0
-2.212720,47.274240,7,33,2,11
-1.549780,47.208660,7,33,2,77
-1.476660,47.186110,7,33,2,171
1.656630,44.473880,7,33,0,0
0.333830,44.295960,7,33,2,101
0.944830,44.492500,7,33,2,57
3.245400,44.307160,7,33,0,0
-0.684480,47.372230,7,33,2,166
-1.414880,48.833050,7,33,2,10
5.293470,47.656750,7,33,2,100
5.850950,48.677060,7,33,2,176
6.145030,49.411720,7,33,2,140
7.144060,49.048030,7,33,2,63
2.434630,50.796170,7,33,2,14
0.672320,48.648590,7,33,0,0
2.051140,50.806900,7,33,0,0
2.268100,50.753520,7,33,2,33
2.708880,50.281590,7,33,2,50
2.850600,45.824830,7,33,2,139
3.020750,42.544540,7,33,2,46
7.469880,48.884310,7,33,2,30
4.844600,45.816280,7,33,2,120
6.184930,47.614240,7,33,2,171
3.966160,46.492030,7,33,2,154
4.859510,46.724380,7,33,2,80
-0.088440,47.872210,7,33,2,20
-0.005750,48.125320,7,33,2,18
0.186200,47.995160,7,33,2,28
5.924750,45.568100,7,33,0,0
0.378270,49.592670,7,33,2,18
0.433570,49.608890,7,33,2,100
1.107490,49.600250,7,33,2,167
2.617030,48.806450,7,33,2,52
2.618190,48.805780,7,33,2,113
2.035790,48.930940,7,33,2,146
-0.645870,46.821130,7,33,2,134
-0.198440,46.411100,7,33,2,111
-0.136870,46.249130,7,33,0,0
-0.048300,46.399860,7,33,2,176
2.202180,50.023990,7,33,2,161
1.343640,44.029860,7,33,2,157
5.938770,43.119620,7,33,2,47
4.801430,43.951150,7,33,2,27
1.323210,45.481890,7,33,0,0
4.072580,47.818860,7,33,2,41
2.213590,48.705680,7,33,0,0
2.306730,48.635930,7,33,2,186
2.221600,48.822110,7,33,2,97
2.453250,48.903990,7,33,2,162
6.173000,44.024590,7,34,2,113
6.179380,44.062430,7,34,2,87
6.438800,43.806130,7,34,2,128
6.947900,43.531220,7,34,2,117
7.046270,43.546370,7,34,2,163
7.239630,43.921340,7,34,2,164
7.239520,43.924910,7,34,2,167
7.447690,43.796670,7,34,2,145
3.878450,44.686280,7,34,2,119
4.858060,44.933310,7,34,2,91
2.262840,43.245270,7,34,2,170
2.581110,43.953540,7,34,2,70
2.931140,44.355650,7,34,2,39
5.003570,43.580990,7,34,2,94
5.406560,43.506160,7,34,2,16
-0.156100,49.098690,7,34,0,0
2.323630,45.117200,7,34,2,90
2.361910,45.268410,7,34,2,121
2.368210,45.260770,7,34,0,0
0.447870,45.820040,7,34,2,159
2.441630,47.566320,7,34,2,92
2.598890,46.570110,7,34,0,0
1.321630,45.143960,7,34,2,171
1.531910,45.150780,7,34,2,22
4.341580,47.618940,7,34,2,117
4.939190,47.110050,7,34,0,0
0.110740,45.017140,7,34,2,22
0.805720,44.865330,7,34,0,0
0.951060,44.826410,7,34,2,34
6.764400,47.467710,7,34,2,168
4.831220,45.106400,7,34,2,45
5.202780,44.696860,7,34,0,0
5.271150,44.786550,7,34,0,0
1.279220,48.456180,7,34,0,0
1.988170,48.285610,7,34,0,0
4.300150,43.714810,7,34,2,108
4.373810,43.849270,7,34,2,16
4.679220,43.895590,7,34,2,21
-0.449100,44.700840,7,34,2,24
1.497910,46.606240,7,34,2,79
4.797710,45.360720,7,34,2,65
4.849040,45.499780,7,34,0,0
5.240530,45.071730,7,34,2,13
5.471490,46.598870,7,34,2,139
5.633220,46.526670,7,34,2,165
5.659960,46.525470,7,34,2,13
5.785140,46.953550,7,34,0,0
5.802630,46.909210,7,34,0,0
4.087550,45.988010,7,34,2,89
-2.088430,47.436590,7,34,2,109
-2.037800,47.505640,7,34,2,105
-1.055540,47.373890,7,34,0,0
1.690280,47.828930,7,34,2,125
2.435460,48.225600,7,34,0,0
0.120020,44.468950,7,34,0,0
0.161380,44.163000,7,34,0,0
-1.424550,49.465870,7,34,0,0
-1.347780,48.699330,7,34,2,134
5.902530,49.277870,7,34,2,98
6.224160,48.658440,7,34,2,51
3.120370,46.944550,7,34,2,177
2.409440,49.423640,7,34,0,0
1.846120,50.959990,7,34,0,0
3.101770,45.835490,7,34,2,11
3.634850,45.366360,7,34,2,58
0.320520,43.111860,7,34,2,46
7.736490,48.588710,7,34,2,126
4.788280,45.590840,7,34,0,0
3.972720,46.491460,7,34,2,20
4.808490,46.287440,7,34,2,122
2.231620,48.866440,7,34,2,25
0.479280,49.592510,7,34,2,23
0.516520,49.534850,7,34,2,58
1.100800,49.334340,7,34,2,91
1.103330,49.327520,7,34,2,49
1.106650,49.318050,7,34,2,54
2.792390,48.660060,7,34,2,74
2.132070,48.855460,7,34,0,0
-0.382740,46.420570,7,34,0,0
5.704790,43.185280,7,34,2,33
4.726510,44.212640,7,34,2,71
5.043000,43.837320,7,34,2,71
5.330280,44.052780,7,34,0,0
1.428640,46.116500,7,34,2,88
5.820790,48.107540,7,34,2,150
3.205480,48.288180,7,34,2,1
3.313330,48.195090,7,34,2,90
3.488570,47.959020,7,34,2,161
2.226940,48.952750,7,34,0,0
2.227800,48.952660,7,34,2,41
2.232910,48.955660,7,34,0,0
2.259080,48.945070,7,34,2,72
2.272620,48.949290,7,34,2,154
2.276480,48.950490,7,34,2,69
4.873090,46.275610,7,35,2,18
5.635090,46.239650,7,35,2,122
3.354150,49.402370,7,35,2,96
2.604210,46.333930,7,35,2,9
2.693070,46.711690,7,35,2,94
3.745400,46.530330,7,35,2,180
6.937750,43.883640,7,35,2,163
6.946520,43.533120,7,35,2,146
7.255070,43.897560,7,35,2,159
7.348690,43.714640,7,35,2,53
7.412330,43.954250,7,35,2,136
4.369250,44.948420,7,35,2,58
4.408400,44.386890,7,35,2,173
3.844910,48.500440,7,35,2,26
2.068590,42.834760,7,35,2,94
2.184720,42.828810,7,35,2,94
2.354100,43.218410,7,35,2,18
2.598250,43.187470,7,35,2,5
3.102960,44.430480,7,35,2,139
4.746700,43.634580,7,35,2,14
5.013240,43.576850,7,35,2,98
-0.226330,48.957980,7,35,2,70
0.252090,49.308420,7,35,0,0
0.313040,49.122570,7,35,0,0
0.361070,49.085040,7,35,0,0
0.376390,49.079360,7,35,0,0
2.364090,46.808290,7,35,2,55
-2.265230,48.343270,7,35,0,0
1.720950,46.013530,7,35,0,0
0.535100,45.142900,7,35,2,164
6.277710,47.323300,7,35,0,0
6.467640,47.003600,7,35,2,179
4.866430,45.058860,7,35,2,64
5.332790,44.978560,7,35,0,0
5.351450,45.046490,7,35,0,0
5.359850,44.469000,7,35,0,0
5.420920,45.003050,7,35,0,0
0.970520,48.747190,7,35,2,168
1.159360,48.212390,7,35,0,0
1.366830,48.441830,7,35,0,0
-3.695070,48.561080,7,35,0,0
4.299980,44.243700,7,35,2,133
0.969870,43.176300,7,35,0,0
1.449390,43.601570,7,35,2,89
-0.358020,45.078440,7,35,2,30
-0.317340,44.897410,7,35,0,0
2.773970,43.485880,7,35,0,0
3.208770,43.519480,7,35,0,0
3.211440,43.546860,7,35,0,0
3.888210,43.619210,7,35,2,125
4.134650,43.680400,7,35,2,162
-1.679960,48.104130,7,35,2,168
1.504650,46.517960,7,35,2,143
1.693570,46.807220,7,35,2,53
0.926570,47.522280,7,35,2,161
0.986110,47.109320,7,35,2,5
5.306860,45.079730,7,35,2,117
5.452020,45.077530,7,35,0,0
5.492210,45.074440,7,35,0,0
5.519940,45.071640,7,35,0,0
5.848500,45.282840,7,35,0,0
2.020520,47.602390,7,35,2,97
4.378750,45.441700,7,35,2,101
3.547300,45.066680,7,35,0,0
-2.007180,47.664960,7,35,0,0
-1.555480,47.209040,7,35,2,99
-1.317760,47.782060,7,35,0,0
-1.068740,47.374080,7,35,2,148
2.223390,47.858420,7,35,0,0
2.650230,47.685510,7,35,2,84
2.694340,48.014210,7,35,0,0
2.737370,48.002070,7,35,2,74
2.754000,47.627920,7,35,0,0
1.411730,44.871780,7,35,0,0
1.628530,44.802210,7,35,0,0
0.883090,44.441260,7,35,0,0
3.382690,44.335840,7,35,0,0
-1.614040,49.533120,7,35,0,0
-1.223070,48.639340,7,35,0,0
3.581710,48.838890,7,35,2,60
5.322090,47.741950,7,35,2,144
5.782570,47.887800,7,35,2,61
-0.422540,47.864700,7,35,2,26
6.107540,48.818720,7,35,2,103
6.108080,48.818320,7,35,2,108
6.168470,48.736040,7,35,2,11
6.172940,48.710810,7,35,2,73
6.479680,49.004730,7,35,2,159
3.822340,50.192930,7,35,2,20
2.082050,49.427220,7,35,2,17
0.908160,48.432960,7,35,2,178
3.458680,45.914220,7,35,0,0
0.501110,43.083060,7,35,2,169
2.867490,42.777500,7,35,2,132
2.868870,42.764000,7,35,2,65
2.928690,42.646400,7,35,2,47
7.443080,48.477110,7,35,2,105
7.503980,48.851780,7,35,2,18
7.725880,48.577070,7,35,2,138
7.276380,47.683480,7,35,2,88
4.618860,45.833430,7,35,2,178
4.736310,45.878490,7,35,2,138
4.801630,45.818770,7,35,2,88
4.811480,45.615380,7,35,2,113
6.338610,47.918980,7,35,2,116
6.348060,47.677230,7,35,2,137
4.478310,46.756520,7,35,2,48
0.189850,47.944680,7,35,2,103
0.199650,48.070060,7,35,2,108
0.439370,47.684370,7,35,2,126
0.635450,48.179300,7,35,2,97
0.662570,48.232370,7,35,2,115
5.860210,45.652150,7,35,2,31
5.925050,45.513270,7,35,2,130
0.972980,49.545440,7,35,2,48
1.042600,49.506710,7,35,2,73
1.048320,49.264920,7,35,0,0
1.091130,49.438070,7,35,1,82
1.092240,49.438050,7,35,1,290
1.150520,49.916600,7,35,2,17
1.184230,49.499720,7,35,2,137
2.760670,48.394630,7,35,2,41
3.167840,48.981130,7,35,2,149
3.185880,48.980940,7,35,2,173
1.946280,48.763420,7,35,2,124
1.996850,48.953400,7,35,2,88
1.999870,48.938440,7,35,2,48
-0.147390,46.800410,7,35,0,0
2.212820,50.051360,7,35,2,54
2.397320,49.847320,7,35,2,44
2.156980,44.032570,7,35,2,84
5.786490,43.249170,7,35,2,76
6.011140,43.119390,7,35,2,163
6.303780,43.589010,7,35,0,0
4.809160,43.941640,7,35,2,165
0.284100,46.535950,7,35,2,115
0.337100,46.575240,7,35,0,0
1.093750,45.630130,7,35,2,4
1.198250,45.585890,7,35,2,123
1.207970,45.515840,7,35,2,69
6.435200,48.197030,7,35,2,80
6.983260,48.062310,7,35,2,124
3.634610,47.565450,7,35,2,60
3.760440,47.607580,7,35,2,68
4.231020,47.685570,7,35,2,90
2.265880,48.526600,7,35,2,159
2.303150,48.608740,7,35,2,110
2.527840,48.667270,7,35,2,102
2.455000,48.918460,7,35,2,31
2.091230,49.018690,7,35,2,159
2.101310,49.034480,7,35,2,29
2.102090,49.034280,7,35,2,10
2.309250,49.161150,7,35,2,112
2.368890,48.998890,7,35,2,108
2.508680,49.038590,7,35,2,29
2.621480,49.320760,7,35,2,202
5.132330,46.101500,7,36,2,153
5.236460,45.918120,7,36,2,148
5.807800,46.021570,7,36,2,139
3.918750,49.656280,7,36,2,17
2.462810,46.371460,7,36,2,43
6.747990,44.218070,7,36,2,147
7.117560,43.580590,7,36,2,91
7.155160,43.660800,7,36,2,150
7.186780,43.905450,7,36,2,173
7.262340,43.704890,7,36,2,175
7.495080,43.775770,7,36,2,137
4.858270,44.928560,7,36,2,92
4.709280,49.769700,7,36,2,88
4.758320,50.102860,7,36,2,124
2.598290,43.188180,7,36,2,174
2.044380,44.350210,7,36,2,131
5.491500,43.470230,7,36,2,1
5.547940,43.288090,7,36,2,164
-0.817710,49.258810,7,36,2,161
2.187660,44.682440,7,36,0,0
2.240950,44.872490,7,36,0,0
-0.818180,45.594250,7,36,0,0
-0.507070,45.933930,7,36,0,0
2.092400,47.197520,7,36,0,0
2.388520,46.784820,7,36,2,77
2.983920,47.055520,7,36,0,0
1.519920,45.386130,7,36,0,0
5.032450,47.314430,7,36,2,110
-2.972660,48.533100,7,36,2,179
-2.560650,48.460660,7,36,0,0
-2.528790,48.465190,7,36,2,4
1.474410,46.271130,7,36,0,0
2.128280,46.016560,7,36,2,92
6.238900,47.292890,7,36,0,0
6.243480,47.305250,7,36,0,0
4.793410,44.671080,7,36,2,98
4.821300,44.781820,7,36,2,125
4.836010,45.094680,7,36,2,96
5.133110,45.071280,7,36,2,180
1.593390,48.568130,7,36,2,124
-3.934190,47.889400,7,36,2,89
1.524220,46.585420,7,36,2,134
0.621520,47.160570,7,36,2,101
5.534540,45.368810,7,36,2,177
5.774770,45.350310,7,36,2,106
5.780570,45.348840,7,36,2,111
5.474220,46.602780,7,36,2,87
5.598920,46.766260,7,36,0,0
5.816010,46.964020,7,36,0,0
4.008320,45.411800,7,36,0,0
4.393060,45.447120,7,36,2,52
4.752670,45.449190,7,36,2,106
3.788250,44.793230,7,36,2,53
3.933360,45.203660,7,36,0,0
4.404120,45.230920,7,36,2,134
-2.411920,47.286090,7,36,0,0
-2.153090,47.225690,7,36,2,97
-1.975840,47.358540,7,36,2,164
-1.178800,47.369150,7,36,2,176
-0.951050,47.393490,7,36,0,0
1.706920,47.841090,7,36,0,0
2.061970,47.892020,7,36,0,0
2.779510,47.607690,7,36,2,68
1.356730,44.698560,7,36,2,171
0.352720,44.238200,7,36,2,110
0.463180,44.240830,7,36,2,2
3.238370,44.406930,7,36,0,0
3.432830,44.366670,7,36,0,0
-1.387200,48.820290,7,36,2,22
-1.367070,48.812360,7,36,2,35
4.033030,49.240440,7,36,2,48
4.563640,48.730150,7,36,2,68
-0.985290,47.833930,7,36,2,90
5.660390,49.474770,7,36,2,141
5.914650,49.265780,7,36,2,8
5.670920,49.328900,7,36,2,65
6.597510,49.223880,7,36,2,64
6.948350,48.971520,7,36,0,0
2.989690,47.271770,7,36,2,93
3.005930,47.243090,7,36,2,70
3.254790,50.178760,7,36,2,95
3.387750,50.189720,7,36,2,141
4.033760,50.063330,7,36,2,68
2.797650,46.018500,7,36,2,116
3.532380,45.865800,7,36,2,39
3.534810,45.863750,7,36,2,5
-0.363280,43.293950,7,36,2,134
0.384120,43.114150,7,36,2,169
2.403830,42.639740,7,36,0,0
2.963990,42.599230,7,36,2,113
7.458400,48.408150,7,36,2,73
7.473010,48.496930,7,36,0,0
7.729200,48.579860,7,36,2,123
7.280010,47.875970,7,36,2,18
4.716500,46.050710,7,36,2,100
4.718970,46.062940,7,36,2,70
4.722880,46.081870,7,36,2,115
4.860280,45.763670,7,36,2,89
4.860320,45.762680,7,36,2,84
6.373400,47.814380,7,36,2,66
3.939200,46.494060,7,36,2,167
4.871870,46.405710,7,36,2,54
4.897000,46.474130,7,36,2,110
5.015100,46.892500,7,36,2,44
5.159960,46.865220,7,36,2,71
0.088790,48.286470,7,36,2,80
0.157220,48.062550,7,36,2,81
0.570560,48.115360,7,36,2,122
6.062950,45.506490,7,36,2,6
6.306500,45.213770,7,36,2,173
2.946170,48.378820,7,36,2,15
1.526400,48.931100,7,36,2,140
1.547920,48.946070,7,36,0,0
2.072110,48.798680,7,36,2,170
2.131440,48.848240,7,36,2,56
6.138890,43.283570,7,36,2,126
6.171670,43.123610,7,36,2,152
6.770830,43.422010,7,36,2,51
-1.039900,46.550120,7,36,2,69
-0.805610,46.754510,7,36,2,176
0.184380,46.479310,7,36,2,148
0.337900,46.640070,7,36,2,24
3.504780,47.960400,7,36,2,174
3.756050,47.614470,7,36,2,58
2.101480,48.700420,7,36,2,12
2.123870,48.698900,7,36,2,14
2.307530,48.630610,7,36,2,190
2.320750,48.679390,7,36,2,43
2.325760,48.747250,7,36,2,121
2.325830,48.666890,7,36,2,133
2.374320,48.332720,7,36,2,128
2.302440,48.946190,7,36,2,94
2.507150,48.784560,7,36,2,65
2.050930,49.064360,7,36,2,47
2.066120,49.060720,7,36,2,35
3.461300,49.198250,7,37,2,13
2.596500,46.427410,7,37,2,87
6.407010,43.793130,7,37,2,125
6.509150,43.972630,7,37,2,159
6.628030,44.883410,7,37,2,121
6.960520,43.542310,7,37,2,145
6.980960,43.547800,7,37,2,170
7.244100,43.692870,7,37,2,153
7.249620,43.703780,7,37,2,124
7.266670,43.706930,7,37,2,148
4.295410,44.536680,7,37,2,134
4.296160,44.531280,7,37,2,38
4.749660,44.745040,7,37,2,148
4.766960,44.782600,7,37,2,128
4.801510,44.824890,7,37,2,131
4.853260,44.945320,7,37,2,79
4.067760,48.291900,7,37,2,27
2.122870,43.149290,7,37,2,90
2.929270,43.212770,7,37,2,13
2.552930,44.313610,7,37,2,54
2.559130,44.353690,7,37,2,68
4.481290,43.676800,7,37,2,16
4.487400,43.677460,7,37,2,36
5.449110,43.579290,7,37,2,29
5.470290,43.584230,7,37,2,1
5.512100,43.472310,7,37,2,75
-0.634370,49.226630,7,37,2,62
-0.472136,48.917114,7,37,2,90
2.347060,44.907830,7,37,0,0
0.162500,45.662360,7,37,2,171
0.390210,45.744060,7,37,0,0
-0.839640,45.685780,7,37,2,151
4.522400,47.250700,7,37,0,0
5.245590,47.098270,7,37,2,89
-2.794830,48.484740,7,37,0,0
1.454050,46.183420,7,37,2,138
1.760540,46.132960,7,37,0,0
5.069310,44.665100,7,37,0,0
1.126220,48.097010,7,37,2,122
4.045110,44.012650,7,37,2,90
4.141510,43.773550,7,37,2,48
4.209960,43.902510,7,37,2,56
4.260620,43.826080,7,37,2,136
4.623100,43.807940,7,37,2,12
4.635370,43.803700,7,37,2,31
1.350840,43.602580,7,37,0,0
-0.533630,44.856280,7,37,2,49
-0.321370,44.900080,7,37,0,0
-0.254370,44.902840,7,37,2,170
-0.149760,44.579120,7,37,2,165
-0.142810,44.581040,7,37,0,0
-0.011250,44.860630,7,37,0,0
2.689210,43.597720,7,37,2,99
2.708290,43.476370,7,37,0,0
3.115080,43.293890,7,37,2,115
3.231560,43.383860,7,37,0,0
3.498090,43.393580,7,37,2,158
-1.506060,47.958890,7,37,2,78
-1.189840,48.345410,7,37,2,50
5.797670,44.876410,7,37,0,0
5.384340,46.529020,7,37,0,0
5.605280,46.804120,7,37,2,115
1.456310,47.681960,7,37,2,131
3.761750,45.817300,7,37,0,0
3.898160,46.116560,7,37,2,90
4.274570,45.561870,7,37,2,65
4.754440,45.456840,7,37,0,0
3.647960,45.337970,7,37,0,0
3.699230,45.320100,7,37,2,95
3.795390,45.100300,7,37,0,0
3.908550,45.050820,7,37,2,45
4.346970,45.218830,7,37,2,51
-1.644430,47.401230,7,37,2,107
-1.445210,47.343210,7,37,0,0
2.725710,47.652200,7,37,0,0
1.365430,44.481230,7,37,0,0
1.669740,44.939530,7,37,0,0
3.232490,44.245240,7,37,0,0
3.909920,44.530610,7,37,0,0
-0.637080,47.464180,7,37,2,159
0.048340,47.224960,7,37,0,0
-1.406890,49.150150,7,37,2,95
-0.790380,48.573260,7,37,2,19
4.773850,48.728040,7,37,2,153
4.933560,48.646890,7,37,2,116
5.148560,48.462920,7,37,2,63
5.237070,48.421590,7,37,2,112
5.286710,47.641970,7,37,0,0
5.429900,47.823180,7,37,0,0
-0.625580,48.403540,7,37,2,154
5.913420,49.326630,7,37,2,128
5.956720,48.709350,7,37,2,157
5.020810,48.742700,7,37,0,0
5.023850,48.744410,7,37,2,52
5.203580,48.750710,7,37,2,23
5.621230,48.685660,7,37,2,50
-2.215450,47.682350,7,37,0,0
6.097470,49.113310,7,37,0,0
7.134180,49.076430,7,37,0,0
3.117980,46.863610,7,37,2,79
3.514990,47.463300,7,37,2,2
3.318560,50.219000,7,37,2,145
3.407650,50.111580,7,37,2,16
3.892350,50.233980,7,37,2,113
1.618150,50.589020,7,37,2,97
2.305510,50.739660,7,37,2,14
2.577690,50.537520,7,37,2,170
3.039990,50.342870,7,37,2,140
2.473870,45.754650,7,37,2,88
0.014500,43.199720,7,37,2,138
2.072070,42.467880,7,37,0,0
2.447410,42.614110,7,37,0,0
7.440160,48.475890,7,37,2,10
7.451020,48.396500,7,37,2,136
4.820280,45.879630,7,37,2,23
5.737300,47.539320,7,37,2,35
6.050680,47.745600,7,37,2,101
4.776580,46.849410,7,37,2,63
4.856390,46.726660,7,37,2,40
4.857710,46.725000,7,37,2,72
5.377010,46.501960,7,37,2,116
0.540520,48.095010,7,37,2,140
6.212560,45.582890,7,37,2,154
6.844330,45.910570,7,37,2,19
0.212390,49.597790,7,37,2,50
1.404430,50.049270,7,37,2,33
2.819090,48.372610,7,37,2,108
2.935620,48.959920,7,37,2,177
2.196310,48.781680,7,37,2,8
2.197240,48.781020,7,37,2,5
-0.671240,46.817790,7,37,2,12
-0.596260,46.825680,7,37,2,1
-0.576240,46.938630,7,37,0,0
-0.246350,46.656600,7,37,2,64
1.905770,49.965320,7,37,0,0
5.752260,43.140140,7,37,2,13
6.565750,43.464360,7,37,2,161
6.694620,43.623950,7,37,2,131
6.707610,43.624150,7,37,0,0
6.767960,43.424690,7,37,2,23
4.815940,43.942850,7,37,2,147
4.816780,43.941990,7,37,2,137
4.994160,44.088200,7,37,2,162
5.004700,44.035820,7,37,2,83
5.306880,43.861660,7,37,0,0
-1.722150,46.580860,7,37,2,155
-0.958100,46.700180,7,37,2,120
0.250030,46.679890,7,37,2,18
0.597430,47.003570,7,37,2,90
1.026260,46.234690,7,37,2,40
1.200500,45.666780,7,37,2,92
3.610300,47.729580,7,37,2,108
3.783800,47.560310,7,37,2,3
2.045620,48.532420,7,37,2,166
2.132600,48.560810,7,37,2,33
2.260220,48.718150,7,37,2,30
2.332850,48.669460,7,37,2,180
2.463330,48.707910,7,37,2,29
2.256250,48.901120,7,37,2,175
2.462070,48.905290,7,37,2,17
2.475670,48.925270,7,37,2,57
3.398160,46.185940,7,38,2,117
5.854630,44.268730,7,38,2,115
6.172120,44.055680,7,38,2,64
6.240750,44.448210,7,38,2,118
5.825580,44.316130,7,38,2,36
6.757380,44.248200,7,38,2,90
6.858200,44.091030,7,38,2,58
6.936470,43.541670,7,38,2,16
6.969170,43.586980,7,38,2,148
6.994320,43.549370,7,38,2,180
7.192130,43.877680,7,38,1,315
7.214790,43.670100,7,38,2,99
7.400680,43.793960,7,38,2,79
7.404910,43.803050,7,38,2,112
7.406060,43.801160,7,38,2,147
4.619750,44.713750,7,38,0,0
2.656180,43.183770,7,38,2,28
3.013200,43.972840,7,38,2,90
4.632770,43.683300,7,38,2,24
4.667180,43.806440,7,38,2,88
4.670480,43.813220,7,38,2,69
5.003790,43.408710,7,38,2,27
5.223030,43.502130,7,38,1,166
5.227120,43.500230,7,38,1,37
2.286040,44.919430,7,38,0,0
0.151650,45.785890,7,38,0,0
-0.677490,45.874210,7,38,0,0
-0.518640,45.986430,7,38,0,0
-0.513510,46.069840,7,38,2,69
5.125250,47.495670,7,38,0,0
5.374890,47.193830,7,38,2,41
2.484890,45.971560,7,38,2,7
0.586480,45.321440,7,38,0,0
4.700750,44.449780,7,38,2,82
5.491240,45.074150,7,38,0,0
5.545380,44.664240,7,38,0,0
4.702700,44.092650,7,38,2,180
1.632030,43.448650,7,38,2,133
3.414310,43.394860,7,38,2,51
3.432380,43.465310,7,38,2,84
3.899280,43.626590,7,38,2,157
-1.838080,47.748550,7,38,2,112
-1.636250,48.102250,7,38,2,28
3.858080,46.171210,7,38,0,0
4.181840,45.529350,7,38,2,20
3.494070,45.095980,7,38,0,0
1.777850,44.924660,7,38,0,0
1.986590,44.593330,7,38,2,24
3.257750,44.305700,7,38,0,0
3.361760,44.337540,7,38,0,0
-0.834510,47.407990,7,38,2,8
5.297530,47.679100,7,38,2,88
5.446910,47.808090,7,38,2,35
3.052870,50.583310,7,38,0,0
3.449740,50.396850,7,38,2,58
3.519280,50.388300,7,38,2,155
4.089050,49.993570,7,38,2,63
4.089930,49.993700,7,38,2,91
1.747420,50.635140,7,38,0,0
2.551410,50.625620,7,38,2,94
2.678090,50.340380,7,38,2,38
3.202850,46.016930,7,38,2,129
3.231510,45.928900,7,38,2,122
-1.745030,43.371540,7,38,2,15
2.703040,42.493700,7,38,2,107
4.364810,45.774190,7,38,2,115
4.720040,46.067290,7,38,2,101
4.827320,45.878380,7,38,2,28
4.860660,45.753720,7,38,2,80
5.546730,47.585850,7,38,2,47
6.212260,47.659990,7,38,2,177
6.519760,47.686630,7,38,2,170
5.852310,45.933350,7,38,2,96
6.762320,45.925600,7,38,2,92
3.018890,48.813280,7,38,2,152
2.077130,48.886180,7,38,2,46
2.116100,48.999680,7,38,2,9
2.117150,48.863570,7,38,2,166
2.121630,48.861480,7,38,2,32
0.820150,44.130150,7,38,2,34
5.876330,43.116160,7,38,2,70
5.982180,43.117450,7,38,2,72
6.449500,43.449600,7,38,2,145
6.451310,43.595480,7,38,0,0
4.876940,44.007920,7,38,2,121
4.888830,44.086590,7,38,2,90
4.892230,44.038930,7,38,2,108
5.147210,43.994870,7,38,0,0
5.692660,43.700450,7,38,2,28
1.645400,45.758180,7,38,2,83
2.221270,48.872010,7,38,2,132
2.251000,48.899400,7,38,2,129
2.069790,49.058900,7,38,2,8
2.173390,48.983960,7,38,2,29
2.230840,48.949740,7,38,2,71
4.853040,46.021720,7,39,2,88
3.456400,46.138990,7,39,2,7
6.574980,44.754810,7,39,2,57
6.871920,43.987670,7,39,0,0
6.906320,44.120570,7,39,2,30
7.205280,43.666470,7,39,2,156
7.243090,43.829730,7,39,2,59
7.354230,43.837490,7,39,2,65
7.355320,43.880650,7,39,2,90
7.460360,43.839590,7,39,2,110
2.203170,42.842570,7,39,2,19
2.233730,43.240920,7,39,2,9
2.618930,43.186010,7,39,2,28
4.617480,43.683690,7,39,2,154
4.987480,43.568990,7,39,2,22
5.091790,43.710630,7,39,2,67
5.600720,43.327610,7,39,2,137
-0.689260,45.885210,7,39,0,0
-0.638220,45.817390,7,39,0,0
1.977070,46.126700,7,39,0,0
1.071430,45.159030,7,39,2,37
1.154060,44.833560,7,39,2,130
3.479570,43.990430,7,39,0,0
4.788680,44.039800,7,39,0,0
3.416530,43.394300,7,39,2,141
-0.943790,43.545970,7,39,2,14
3.894050,46.131700,7,39,0,0
3.942830,45.385480,7,39,0,0
4.170860,45.829840,7,39,0,0
3.248440,45.373870,7,39,2,159
3.497130,45.172780,7,39,0,0
3.735890,45.178110,7,39,0,0
3.252860,44.307840,7,39,0,0
3.365480,44.341600,7,39,0,0
4.020750,50.071740,7,39,2,174
2.722400,46.104640,7,39,0,0
3.111870,45.885470,7,39,2,2
3.731470,45.421440,7,39,2,100
-0.391390,43.229130,7,39,2,79
2.023850,42.460860,7,39,2,40
4.833910,45.865520,7,39,2,102
5.873450,45.757740,7,39,2,111
1.875980,44.137000,7,39,2,48
2.144930,44.057550,7,39,2,97
2.144960,44.056750,7,39,2,94
1.299770,44.014890,7,39,0,0
4.872820,43.932510,7,39,2,167
4.905050,43.936170,7,39,2,136
1.318900,45.695480,7,39,0,0
5.739050,44.567100,7,40,2,66
5.774180,44.551990,7,40,2,90
6.851610,44.095160,7,40,2,152
6.854180,44.061190,7,40,2,148
6.946450,43.659340,7,40,2,178
7.192660,43.660530,7,40,2,155
7.379720,43.812330,7,40,2,176
7.407670,43.798070,7,40,2,1
7.484480,43.764980,7,40,2,88
7.550120,43.992390,7,40,2,39
4.112690,44.746390,7,40,1,151
4.134070,44.720540,7,40,1,323
3.104840,43.118680,7,40,2,19
3.124600,43.231220,7,40,2,137
2.002920,44.260930,7,40,2,104
4.814370,43.726230,7,40,2,11
5.016990,43.569490,7,40,2,22
5.304120,43.516670,7,40,2,159
5.568350,43.460990,7,40,2,46
5.584490,43.280100,7,40,2,118
5.589100,43.469570,7,40,2,29
2.633430,44.976860,7,40,2,106
3.028910,45.108030,7,40,0,0
0.157610,45.427340,7,40,0,0
-1.130760,46.138700,7,40,2,117
-0.499940,46.045320,7,40,2,107
1.482080,45.164540,7,40,2,28
1.500930,45.221300,7,40,0,0
2.468060,46.204310,7,40,2,171
2.480160,46.153370,7,40,2,79
4.886750,44.960260,7,40,2,102
4.895270,44.941230,7,40,2,165
5.039180,45.048770,7,40,2,112
1.159140,48.208510,7,40,2,88
4.372700,43.838440,7,40,2,101
4.701800,44.092540,7,40,2,150
4.759520,44.058020,7,40,0,0
4.774930,44.048830,7,40,2,37
4.791200,43.954530,7,40,2,115
0.929700,43.142990,7,40,1,159
0.930470,43.141520,7,40,2,159
-0.617820,44.811600,7,40,2,64
3.148890,43.651320,7,40,0,0
3.227060,43.472140,7,40,2,65
3.895660,43.643270,7,40,2,41
-1.681870,48.092280,7,40,2,4
4.826960,45.489110,7,40,2,135
-0.526260,43.884950,7,40,2,55
1.251270,47.522950,7,40,2,114
0.916160,48.000920,7,40,2,143
4.028980,45.419130,7,40,0,0
4.281080,45.390090,7,40,0,0
4.568200,45.503880,7,40,2,124
1.286250,44.481490,7,40,0,0
1.512020,44.336260,7,40,0,0
1.517140,44.459330,7,40,0,0
1.894470,44.648730,7,40,0,0
0.807010,44.387360,7,40,2,89
3.268990,44.809490,7,40,0,0
3.194060,45.687270,7,40,2,56
3.200130,46.015400,7,40,2,10
-1.320940,43.253890,7,40,0,0
0.110750,43.139770,7,40,2,77
2.757710,42.484300,7,40,2,86
2.877820,42.699600,7,40,2,71
2.881470,42.691000,7,40,2,59
4.774520,45.607200,7,40,0,0
4.781210,45.597070,7,40,0,0
4.859170,45.770100,7,40,2,82
6.132720,47.612450,7,40,2,4
3.984050,46.485830,7,40,2,169
5.896630,45.635850,7,40,2,150
5.905430,45.695100,7,40,2,79
6.689060,45.514710,7,40,2,109
6.056820,45.764470,7,40,2,57
2.590360,48.873480,7,40,2,26
-0.491200,46.155350,7,40,0,0
1.908270,44.054770,7,40,2,61
1.325560,44.018910,7,40,2,82
1.879360,44.141820,7,40,2,137
5.822450,43.122830,7,40,2,13
6.127680,43.105140,7,40,2,33
4.876130,44.006200,7,40,2,143
4.901550,43.934220,7,40,2,157
0.398940,46.151310,7,40,2,5
1.186660,45.684740,7,40,2,14
1.207660,45.600780,7,40,2,108
1.420970,46.161580,7,40,2,109
1.433000,46.134680,7,40,2,71
2.219120,48.947620,7,40,2,248
3.278420,49.843370,7,41,2,148
5.330230,43.546190,7,41,2,131
5.099350,47.244790,7,41,2,135
6.037990,47.227860,7,41,2,82
4.848030,45.729330,7,41,2,89
-0.387460,43.297140,7,42,1,128
4.842040,45.724260,7,42,2,154
5.714690,47.413920,7,43,2,90
3.820730,43.608060,7,44,2,154
